Time - Dev5/ai0	Amplitude - Dev5/ai0
0	1.50539
0.0005	1.50375
0.001	1.50276
0.0015	1.50227
0.002	1.50342
0.0025	1.5021
0.003	1.50342
0.0035	1.50342
0.004	1.50424
0.0045	1.66624
0.005	1.6396
0.0055	1.65522
0.006	1.65654
0.0065	1.64831
0.007	1.53894
0.0075	1.65325
0.008	1.45063
0.0085	1.60999
0.009	1.64305
0.0095	1.63302
0.01	1.64716
0.0105	1.64914
0.011	1.63795
0.0115	1.52924
0.012	1.40343
0.0125	1.39767
0.013	1.27005
0.0135	1.38468
0.014	1.34619
0.0145	1.38418
0.015	1.4128
0.0155	1.47908
0.016	1.4202
0.0165	1.42102
0.017	1.35113
0.0175	1.33188
0.018	1.3781
0.0185	1.38846
0.019	1.48664
0.0195	1.5276
0.02	1.5544
0.0205	1.57233
0.021	1.52266
0.0215	1.52036
0.022	1.42908
0.0225	1.42908
0.023	1.39931
0.0235	1.52941
0.024	1.5771
0.0245	1.57398
0.025	1.54569
0.0255	1.43879
0.026	1.38336
0.0265	1.36675
0.027	1.39635
0.0275	1.4475
0.028	1.55588
0.0285	1.55934
0.029	1.55704
0.0295	1.59157
0.03	1.57628
0.0305	1.56345
0.031	1.52529
0.0315	1.4725
0.032	1.43056
0.0325	1.48171
0.033	1.56246
0.0335	1.56625
0.034	1.57085
0.0345	1.50868
0.035	1.4822
0.0355	1.49503
0.036	1.48056
0.0365	1.46494
0.037	1.44948
0.0375	1.45704
0.038	1.4623
0.0385	1.51395
0.039	1.53302
0.0395	1.53796
0.04	1.54437
0.0405	1.53467
0.041	1.53089
0.0415	1.53434
0.042	1.53697
0.0425	1.52168
0.043	1.5271
0.0435	1.52496
0.044	1.54733
0.0445	1.55704
0.045	1.5572
0.0455	1.53253
0.046	1.50835
0.0465	1.4975
0.047	1.47711
0.0475	1.47151
0.048	1.46444
0.0485	1.46329
0.049	1.46329
0.0495	1.45967
0.05	1.45984
0.0505	1.45523
0.051	1.45688
0.0515	1.4577
0.052	1.45951
0.0525	1.47053
0.053	1.48138
0.0535	1.4952
0.054	1.5072
0.0545	1.51592
0.055	1.52447
0.0555	1.52825
0.056	1.52612
0.0565	1.53204
0.057	1.53566
0.0575	1.5447
0.058	1.54585
0.0585	1.54306
0.059	1.54487
0.0595	1.5396
0.06	1.53598
0.0605	1.52809
0.061	1.52118
0.0615	1.5123
0.062	1.50276
0.0625	1.49289
0.063	1.48188
0.0635	1.47546
0.064	1.46642
0.0645	1.46329
0.065	1.46839
0.0655	1.48286
0.066	1.4998
0.0665	1.50506
0.067	1.50227
0.0675	1.49816
0.068	1.49158
0.0685	1.48467
0.069	1.4753
0.0695	1.46954
0.07	1.4753
0.0705	1.48385
0.071	1.49257
0.0715	1.50161
0.072	1.50441
0.0725	1.51082
0.073	1.51674
0.0735	1.52447
0.074	1.52776
0.0745	1.52546
0.075	1.53352
0.0755	1.53319
0.076	1.53533
0.0765	1.53319
0.077	1.52973
0.0775	1.52513
0.078	1.52036
0.0785	1.51378
0.079	1.50934
0.0795	1.50062
0.08	1.49339
0.0805	1.48977
0.081	1.48911
0.0815	1.4873
0.082	1.48747
0.0825	1.4873
0.083	1.48401
0.0835	1.48418
0.084	1.48615
0.0845	1.48533
0.085	1.48763
0.0855	1.48977
0.086	1.49158
0.0865	1.49717
0.087	1.50112
0.0875	1.50326
0.088	1.50424
0.0885	1.50819
0.089	1.51131
0.0895	1.51427
0.09	1.51724
0.0905	1.51658
0.091	1.52003
0.0915	1.52102
0.092	1.51789
0.0925	1.5151
0.093	1.51214
0.0935	1.50704
0.094	1.50671
0.0945	1.50835
0.095	1.50145
0.0955	1.49832
0.096	1.49618
0.0965	1.49092
0.097	1.49388
0.0975	1.49322
0.098	1.49158
0.0985	1.49257
0.099	1.49372
0.0995	1.49668
0.1	1.49684
0.1005	1.5003
0.101	1.50013
0.1015	1.50178
0.102	1.50589
0.1025	1.50589
0.103	1.50671
0.1035	1.50934
0.104	1.50819
0.1045	1.51
0.105	1.51082
0.1055	1.51082
0.106	1.51
0.1065	1.50934
0.107	1.50704
0.1075	1.50803
0.108	1.5072
0.1085	1.50391
0.109	1.50408
0.1095	1.50046
0.11	1.50161
0.1105	1.50062
0.111	1.50194
0.1115	1.4998
0.112	1.50062
0.1125	1.50095
0.113	1.49964
0.1135	1.50161
0.114	1.4998
0.1145	1.49717
0.115	1.4975
0.1155	1.49882
0.116	1.49766
0.1165	1.49882
0.117	1.50112
0.1175	1.50556
0.118	1.50819
0.1185	1.50753
0.119	1.51016
0.1195	1.51247
0.12	1.51345
0.1205	1.51247
0.121	1.51131
0.1215	1.51214
0.122	1.51164
0.1225	1.50951
0.123	1.50819
0.1235	1.50901
0.124	1.50358
0.1245	1.50128
0.125	1.50161
0.1255	1.49964
0.126	1.50013
0.1265	1.49487
0.127	1.49503
0.1275	1.4952
0.128	1.49668
0.1285	1.49766
0.129	1.49635
0.1295	1.49585
0.13	1.49651
0.1305	1.49766
0.131	1.49882
0.1315	1.50013
0.132	1.5003
0.1325	1.50243
0.133	1.5026
0.1335	1.50589
0.134	1.50753
0.1345	1.51115
0.135	1.50786
0.1355	1.50852
0.136	1.50918
0.1365	1.50934
0.137	1.50737
0.1375	1.50753
0.138	1.50622
0.1385	1.50868
0.139	1.50572
0.1395	1.50556
0.14	1.50441
0.1405	1.5021
0.141	1.50079
0.1415	1.50046
0.142	1.50194
0.1425	1.50095
0.143	1.50095
0.1435	1.50178
0.144	1.5003
0.1445	1.5003
0.145	1.49914
0.1455	1.4998
0.146	1.49997
0.1465	1.5021
0.147	1.50145
0.1475	1.50145
0.148	1.50161
0.1485	1.50227
0.149	1.5026
0.1495	1.50572
0.15	1.50375
0.1505	1.5049
0.151	1.50227
0.1515	1.50441
0.152	1.50605
0.1525	1.50441
0.153	1.50391
0.1535	1.50358
0.154	1.51049
0.1545	1.5072
0.155	1.50671
0.1555	1.50605
0.156	1.50474
0.1565	1.50556
0.157	1.50457
0.1575	1.50358
0.158	1.5021
0.1585	1.50178
0.159	1.50358
0.1595	1.5021
0.16	1.50506
0.1605	1.5021
0.161	1.5021
0.1615	1.50227
0.162	1.50128
0.1625	1.50128
0.163	1.50309
0.1635	1.5021
0.164	1.50227
0.1645	1.5021
0.165	1.50391
0.1655	1.50227
0.166	1.50326
0.1665	1.50358
0.167	1.50276
0.1675	1.50424
0.168	1.50309
0.1685	1.50342
0.169	1.5026
0.1695	1.50309
0.17	1.50227
0.1705	1.50408
0.171	1.5021
0.1715	1.50441
0.172	1.50342
0.1725	1.50326
0.173	1.50638
0.1735	1.50424
0.174	1.50046
0.1745	1.50178
0.175	1.50605
0.1755	1.50589
0.176	1.50572
0.1765	1.50589
0.177	1.50293
0.1775	1.50276
0.178	1.50539
0.1785	1.50589
0.179	1.50342
0.1795	1.50375
0.18	1.50474
0.1805	1.50342
0.181	1.50391
0.1815	1.50062
0.182	1.50161
0.1825	1.50358
0.183	1.5021
0.1835	1.50391
0.184	1.50178
0.1845	1.50227
0.185	1.49898
0.1855	1.50112
0.186	1.50276
0.1865	1.50227
0.187	1.50408
0.1875	1.50227
0.188	1.50309
0.1885	1.50424
0.189	1.50276
0.1895	1.50227
0.19	1.50457
0.1905	1.50424
0.191	1.50342
0.1915	1.50276
0.192	1.50474
0.1925	1.50375
0.193	1.5049
0.1935	1.50786
0.194	1.50457
0.1945	1.5026
0.195	1.50441
0.1955	1.50095
0.196	1.50326
0.1965	1.50326
0.197	1.50424
0.1975	1.50375
0.198	1.50375
0.1985	1.5026
0.199	1.50457
0.1995	1.50309
0.2	1.50227
0.2005	1.50128
0.201	1.50441
0.2015	1.50424
0.202	1.5021
0.2025	1.50227
0.203	1.50227
0.2035	1.50194
0.204	1.50227
0.2045	1.50457
0.205	1.50457
0.2055	1.50293
0.206	1.5026
0.2065	1.5021
0.207	1.50457
0.2075	1.50227
0.208	1.50342
0.2085	1.50375
0.209	1.50408
0.2095	1.50523
0.21	1.50358
0.2105	1.50474
0.211	1.50408
0.2115	1.50474
0.212	1.50227
0.2125	1.50293
0.213	1.50572
0.2135	1.50128
0.214	1.50391
0.2145	1.50737
0.215	1.50654
0.2155	1.50671
0.216	1.50556
0.2165	1.50326
0.217	1.5021
0.2175	1.50293
0.218	1.50457
0.2185	1.50342
0.219	1.50391
0.2195	1.5026
0.22	1.50309
0.2205	1.50358
0.221	1.50391
0.2215	1.50194
0.222	1.50128
0.2225	1.50326
0.223	1.50342
0.2235	1.5026
0.224	1.50112
0.2245	1.50276
0.225	1.5026
0.2255	1.50293
0.226	1.50391
0.2265	1.5003
0.227	1.50326
0.2275	1.5026
0.228	1.50326
0.2285	1.50457
0.229	1.5026
0.2295	1.50457
0.23	1.50326
0.2305	1.50539
0.231	1.50539
0.2315	1.5049
0.232	1.50358
0.2325	1.50474
0.233	1.50424
0.2335	1.50622
0.234	1.50326
0.2345	1.50128
0.235	1.50095
0.2355	1.50391
0.236	1.50457
0.2365	1.50293
0.237	1.50424
0.2375	1.50342
0.238	1.50457
0.2385	1.50326
0.239	1.5021
0.2395	1.5021
0.24	1.50194
0.2405	1.50178
0.241	1.50391
0.2415	1.50424
0.242	1.50161
0.2425	1.5026
0.243	1.50178
0.2435	1.50046
0.244	1.50293
0.2445	1.50391
0.245	1.50474
0.2455	1.50474
0.246	1.50309
0.2465	1.5021
0.247	1.50358
0.2475	1.50358
0.248	1.50358
0.2485	1.50309
0.249	1.50457
0.2495	1.50424
0.25	1.50408
0.2505	1.50326
0.251	1.5026
0.2515	1.50408
0.252	1.50309
0.2525	1.50375
0.253	1.5049
0.2535	1.50013
0.254	1.50079
0.2545	1.50457
0.255	1.50309
0.2555	1.50309
0.256	1.50358
0.2565	1.50309
0.257	1.50474
0.2575	1.50227
0.258	1.5021
0.2585	1.50556
0.259	1.50342
0.2595	1.50375
0.26	1.5026
0.2605	1.50276
