Time - Dev5/ai0	Amplitude - Dev5/ai0
0	1.50786
0.001	1.50605
0.002	1.50539
0.003	1.50391
0.004	1.50539
0.005	1.50474
0.006	1.50687
0.007	1.50506
0.008	1.50868
0.009	1.50704
0.01	1.50556
0.011	1.50424
0.012	1.50293
0.013	1.50293
0.014	1.50128
0.015	1.50408
0.016	1.50638
0.017	1.50589
0.018	1.51099
0.019	1.51181
0.02	1.50589
0.021	1.50539
0.022	1.50556
0.023	1.50424
0.024	1.50375
0.025	1.50474
0.026	1.50589
0.027	1.50687
0.028	1.50918
0.029	1.50589
0.03	1.50506
0.031	1.50539
0.032	1.4998
0.033	1.50309
0.034	1.5021
0.035	1.50523
0.036	1.50753
0.037	1.50983
0.038	1.5077
0.039	1.50819
0.04	1.50572
0.041	1.50556
0.042	1.50375
0.043	1.50276
0.044	1.50506
0.045	1.50622
0.046	1.50589
0.047	1.5072
0.048	1.50506
0.049	1.50589
0.05	1.5049
0.051	1.50391
0.052	1.5021
0.053	1.50424
0.054	1.50161
0.055	1.5077
0.056	1.50803
0.057	1.51033
0.058	1.50408
0.059	1.50934
0.06	1.50638
0.061	1.50342
0.062	1.50391
0.063	1.50391
0.064	1.50243
0.065	1.50654
0.066	1.50654
0.067	1.50572
0.068	1.50441
0.069	1.50556
0.07	1.50474
0.071	1.50326
0.072	1.50309
0.073	1.50326
0.074	1.50572
0.075	1.50687
0.076	1.50671
0.077	1.51131
0.078	1.50441
0.079	1.50671
0.08	1.50358
0.081	1.50441
0.082	1.50375
0.083	1.50556
0.084	1.50474
0.085	1.50572
0.086	1.50572
0.087	1.50539
0.088	1.50474
0.089	1.50556
0.09	1.50342
0.091	1.5026
0.092	1.50556
0.093	1.50572
0.094	1.50539
0.095	1.50654
0.096	1.50605
0.097	1.50819
0.098	1.50276
0.099	1.50441
0.1	1.50523
0.101	1.50589
0.102	1.5049
0.103	1.50391
0.104	1.50556
0.105	1.5021
0.106	1.50358
0.107	1.50408
0.108	1.50605
0.109	1.50424
0.11	1.50523
0.111	1.50589
0.112	1.50556
0.113	1.50523
0.114	1.50605
0.115	1.50605
0.116	1.50654
0.117	1.50622
0.118	1.50194
0.119	1.50654
0.12	1.50424
0.121	1.50408
0.122	1.50457
0.123	1.50358
0.124	1.50572
0.125	1.50408
0.126	1.50276
0.127	1.50539
0.128	1.50523
0.129	1.50638
0.13	1.50309
0.131	1.50424
0.132	1.50572
0.133	1.50441
0.134	1.50605
0.135	1.50654
0.136	1.50671
0.137	1.50819
0.138	1.5003
0.139	1.50605
0.14	1.50523
0.141	1.50391
0.142	1.50424
0.143	1.5049
0.144	1.50457
0.145	1.5049
0.146	1.50589
0.147	1.50704
0.148	1.50572
0.149	1.50654
0.15	1.50622
0.151	1.50523
0.152	1.50671
0.153	1.50589
0.154	1.50506
0.155	1.50358
0.156	1.50375
0.157	1.50523
0.158	1.50276
0.159	1.50737
0.16	1.50457
0.161	1.50424
0.162	1.50391
0.163	1.50326
0.164	1.50342
0.165	1.50622
0.166	1.50638
0.167	1.50539
0.168	1.50556
0.169	1.5049
0.17	1.50556
0.171	1.5072
0.172	1.50704
0.173	1.50622
0.174	1.5049
0.175	1.50539
0.176	1.50408
0.177	1.50556
0.178	1.50753
0.179	1.50539
0.18	1.50309
0.181	1.50638
0.182	1.50293
0.183	1.50441
0.184	1.50358
0.185	1.50687
0.186	1.50556
0.187	1.50638
0.188	1.50474
0.189	1.5072
0.19	1.50605
0.191	1.50654
0.192	1.50539
0.193	1.50424
0.194	1.50589
0.195	1.50408
0.196	1.50457
0.197	1.50539
0.198	1.50441
0.199	1.5049
0.2	1.50622
0.201	1.50572
0.202	1.50671
0.203	1.50523
0.204	1.50671
0.205	1.50506
0.206	1.50309
0.207	1.50622
0.208	1.50737
0.209	1.50605
0.21	1.50589
0.211	1.50408
0.212	1.50539
0.213	1.50375
0.214	1.50408
0.215	1.50424
0.216	1.50358
0.217	1.50194
0.218	1.5021
0.219	1.50605
0.22	1.50506
0.221	1.5049
0.222	1.50556
0.223	1.5026
0.224	1.5049
0.225	1.50622
0.226	1.50424
0.227	1.50589
0.228	1.50506
0.229	1.50622
0.23	1.50523
0.231	1.50556
0.232	1.50605
0.233	1.50342
0.234	1.50408
0.235	1.50457
0.236	1.50539
0.237	1.50556
0.238	1.50704
0.239	1.50786
0.24	1.50589
0.241	1.50326
0.242	1.50506
0.243	1.50457
0.244	1.50342
0.245	1.50605
0.246	1.50654
0.247	1.50622
0.248	1.50408
0.249	1.50638
0.25	1.50589
0.251	1.50539
0.252	1.50654
0.253	1.50457
0.254	1.50178
0.255	1.50556
0.256	1.50342
0.257	1.50737
0.258	1.5021
0.259	1.50572
0.26	1.50572
0.261	1.50671
0.262	1.50572
0.263	1.50523
0.264	1.50605
0.265	1.50375
0.266	1.50572
0.267	1.50506
0.268	1.50556
0.269	1.50589
0.27	1.5077
0.271	1.50704
0.272	1.50803
0.273	1.50638
0.274	1.50572
0.275	1.50457
0.276	1.50457
0.277	1.50803
0.278	1.50835
0.279	1.50803
0.28	1.50441
0.281	1.50506
0.282	1.50622
0.283	1.5049
0.284	1.50457
0.285	1.50589
0.286	1.5049
0.287	1.50622
0.288	1.50276
0.289	1.50622
0.29	1.50506
0.291	1.50441
0.292	1.50654
0.293	1.50441
0.294	1.50622
0.295	1.50506
0.296	1.50654
0.297	1.50227
0.298	1.50309
0.299	1.50309
0.3	1.50539
0.301	1.5049
0.302	1.50622
0.303	1.50539
0.304	1.50589
0.305	1.50457
0.306	1.50506
0.307	1.5049
0.308	1.50375
0.309	1.50408
0.31	1.50523
0.311	1.50539
0.312	1.50605
0.313	1.50556
0.314	1.50539
0.315	1.50539
0.316	1.50605
0.317	1.50293
0.318	1.50556
0.319	1.50457
0.32	1.50539
0.321	1.50474
0.322	1.50326
0.323	1.50342
0.324	1.50424
0.325	1.50441
0.326	1.50556
0.327	1.50671
0.328	1.50506
0.329	1.50391
0.33	1.50539
0.331	1.50572
0.332	1.50293
0.333	1.50506
0.334	1.50589
0.335	1.50556
0.336	1.50638
0.337	1.50408
0.338	1.51049
0.339	1.50178
0.34	1.50474
0.341	1.50408
0.342	1.50474
0.343	1.50227
0.344	1.5049
0.345	1.50523
0.346	1.50671
0.347	1.50342
0.348	1.50671
0.349	1.5049
0.35	1.50605
0.351	1.50539
0.352	1.50506
0.353	1.50391
0.354	1.50474
0.355	1.50506
0.356	1.50457
0.357	1.50424
0.358	1.50951
0.359	1.50654
0.36	1.50556
0.361	1.50605
0.362	1.50391
0.363	1.50605
0.364	1.50523
0.365	1.50342
0.366	1.50457
0.367	1.50441
0.368	1.50589
0.369	1.50622
0.37	1.50523
0.371	1.50835
0.372	1.50605
0.373	1.50835
0.374	1.50441
0.375	1.50424
0.376	1.50556
0.377	1.50408
0.378	1.50687
0.379	1.50293
0.38	1.50457
0.381	1.50326
0.382	1.50605
0.383	1.50375
0.384	1.50441
0.385	1.50375
0.386	1.50556
0.387	1.50523
0.388	1.50589
0.389	1.50539
0.39	1.50293
0.391	1.50474
0.392	1.50408
0.393	1.50391
0.394	1.5072
0.395	1.50803
0.396	1.50441
0.397	1.50654
0.398	1.50095
0.399	1.5021
0.4	1.50523
0.401	1.50441
0.402	1.50506
0.403	1.50474
0.404	1.50457
0.405	1.50506
0.406	1.5049
0.407	1.50523
0.408	1.50506
0.409	1.50309
0.41	1.50408
0.411	1.50605
0.412	1.50589
0.413	1.50556
0.414	1.50358
0.415	1.50572
0.416	1.50622
0.417	1.50441
0.418	1.50967
0.419	1.50441
0.42	1.50474
0.421	1.50605
0.422	1.50622
0.423	1.50457
0.424	1.50654
0.425	1.50391
0.426	1.50424
0.427	1.50391
0.428	1.50457
0.429	1.50457
0.43	1.50556
0.431	1.50326
0.432	1.50474
0.433	1.50654
0.434	1.50408
0.435	1.50506
0.436	1.50589
0.437	1.50358
0.438	1.50868
0.439	1.50523
0.44	1.50441
0.441	1.5072
0.442	1.50556
0.443	1.50424
0.444	1.50506
0.445	1.50523
0.446	1.50556
0.447	1.50622
0.448	1.50671
0.449	1.50506
0.45	1.50523
0.451	1.50704
0.452	1.50572
0.453	1.50523
0.454	1.50506
0.455	1.50654
0.456	1.50671
0.457	1.50441
0.458	1.50835
0.459	1.50523
0.46	1.50457
0.461	1.50589
0.462	1.50671
0.463	1.50556
0.464	1.50424
0.465	1.50539
0.466	1.50441
0.467	1.50654
0.468	1.5077
0.469	1.50638
0.47	1.50539
0.471	1.50622
0.472	1.50474
0.473	1.50474
0.474	1.50539
0.475	1.50523
0.476	1.50457
0.477	1.5072
0.478	1.50671
0.479	1.50424
0.48	1.50457
0.481	1.50589
0.482	1.5049
0.483	1.50474
0.484	1.50539
0.485	1.50737
0.486	1.50556
0.487	1.50589
0.488	1.50326
0.489	1.50605
0.49	1.50556
0.491	1.50589
0.492	1.50704
0.493	1.50572
0.494	1.50539
0.495	1.50506
0.496	1.50539
0.497	1.50539
0.498	1.50079
0.499	1.68696
0.5	1.68302
0.501	1.65917
0.502	1.65111
0.503	1.40836
0.504	1.53335
0.505	1.6595
0.506	1.56773
0.507	1.35836
0.508	1.40737
0.509	1.43286
0.51	1.56181
0.511	1.49372
0.512	1.3036
0.513	1.31774
0.514	1.60736
0.515	1.64535
0.516	1.485
0.517	1.4077
0.518	1.47957
0.519	1.5345
0.52	1.56592
0.521	1.45063
0.522	1.31922
0.523	1.42431
0.524	1.57315
0.525	1.56444
0.526	1.48632
0.527	1.45293
0.528	1.51279
0.529	1.60934
0.53	1.57036
0.531	1.48237
0.532	1.5202
0.533	1.62101
0.534	1.62463
0.535	1.50358
0.536	1.41527
0.537	1.44997
0.538	1.52628
0.539	1.49635
0.54	1.40836
0.541	1.39043
0.542	1.46822
0.543	1.55671
0.544	1.56197
0.545	1.50885
0.546	1.4674
0.547	1.48171
0.548	1.49882
0.549	1.50227
0.55	1.49717
0.551	1.51411
0.552	1.54289
0.553	1.54996
0.554	1.5396
0.555	1.52842
0.556	1.51937
0.557	1.50786
0.558	1.50145
0.559	1.4947
0.56	1.47941
0.561	1.47217
0.562	1.47628
0.563	1.48023
0.564	1.48812
0.565	1.49931
0.566	1.51016
0.567	1.52233
0.568	1.52579
0.569	1.52135
0.57	1.51707
0.571	1.51362
0.572	1.50983
0.573	1.50457
0.574	1.50276
0.575	1.50375
0.576	1.50704
0.577	1.50967
0.578	1.50506
0.579	1.5026
0.58	1.49865
0.581	1.50013
0.582	1.50128
0.583	1.50424
0.584	1.5026
0.585	1.50457
0.586	1.50687
0.587	1.50901
0.588	1.50737
0.589	1.50408
0.59	1.50227
0.591	1.49882
0.592	1.50013
0.593	1.50194
0.594	1.50753
0.595	1.51099
0.596	1.51066
0.597	1.51345
0.598	1.51773
0.599	1.51181
0.6	1.50868
0.601	1.50095
0.602	1.50112
0.603	1.50046
0.604	1.49701
0.605	1.4975
0.606	1.49832
0.607	1.49832
0.608	1.49914
0.609	1.5021
0.61	1.50737
0.611	1.51099
0.612	1.51247
0.613	1.51181
0.614	1.51247
0.615	1.51329
0.616	1.51493
0.617	1.50983
0.618	1.50934
0.619	1.50326
0.62	1.50178
0.621	1.4998
0.622	1.49997
0.623	1.4975
0.624	1.49882
0.625	1.49799
0.626	1.50342
0.627	1.50572
0.628	1.50671
0.629	1.50868
0.63	1.51016
0.631	1.50852
0.632	1.50786
0.633	1.51016
0.634	1.50819
0.635	1.50687
0.636	1.50671
0.637	1.50654
0.638	1.50457
0.639	1.50358
0.64	1.50293
0.641	1.50441
0.642	1.5049
0.643	1.50128
0.644	1.5021
0.645	1.50375
0.646	1.50375
0.647	1.50408
0.648	1.50589
0.649	1.50654
0.65	1.50852
0.651	1.50523
0.652	1.50671
0.653	1.5077
0.654	1.50654
0.655	1.50704
0.656	1.50704
0.657	1.50589
0.658	1.50803
0.659	1.50687
0.66	1.50539
0.661	1.50227
0.662	1.50178
0.663	1.50194
0.664	1.50079
0.665	1.50309
0.666	1.50326
0.667	1.50342
0.668	1.50786
0.669	1.50654
0.67	1.50638
0.671	1.50967
0.672	1.50539
0.673	1.50786
0.674	1.50638
0.675	1.5049
0.676	1.50589
0.677	1.50687
0.678	1.50622
0.679	1.50572
0.68	1.50194
0.681	1.50408
0.682	1.50178
0.683	1.50112
0.684	1.50474
0.685	1.50474
0.686	1.50342
0.687	1.50358
0.688	1.50572
0.689	1.50671
0.69	1.5072
0.691	1.50523
0.692	1.50737
0.693	1.50622
0.694	1.50572
0.695	1.50737
0.696	1.50605
0.697	1.50605
0.698	1.5077
0.699	1.50145
0.7	1.5049
0.701	1.50556
0.702	1.50358
0.703	1.50358
0.704	1.50309
0.705	1.50358
0.706	1.50589
0.707	1.50589
0.708	1.50589
0.709	1.50737
0.71	1.50704
0.711	1.50819
0.712	1.50786
0.713	1.50803
0.714	1.50523
0.715	1.50523
0.716	1.50539
0.717	1.50622
0.718	1.50654
0.719	1.50309
0.72	1.50441
0.721	1.50441
0.722	1.50326
0.723	1.50424
0.724	1.50391
0.725	1.50704
0.726	1.50572
0.727	1.50638
0.728	1.50605
0.729	1.5072
0.73	1.50523
0.731	1.50622
0.732	1.5077
0.733	1.50523
0.734	1.50441
0.735	1.50654
0.736	1.50605
0.737	1.50605
0.738	1.50523
0.739	1.50424
0.74	1.50326
0.741	1.50326
0.742	1.50441
0.743	1.50539
0.744	1.5049
0.745	1.50424
0.746	1.50506
0.747	1.50441
0.748	1.50687
0.749	1.50539
0.75	1.50654
0.751	1.50457
0.752	1.50687
0.753	1.50753
0.754	1.50506
0.755	1.50622
0.756	1.50605
0.757	1.50474
0.758	1.50506
0.759	1.50145
0.76	1.50326
0.761	1.50227
0.762	1.50506
0.763	1.50408
0.764	1.50638
0.765	1.50391
0.766	1.50441
0.767	1.50687
0.768	1.50687
0.769	1.50704
0.77	1.50671
0.771	1.50556
0.772	1.50803
0.773	1.50687
0.774	1.50539
0.775	1.50572
0.776	1.50342
0.777	1.50539
0.778	1.50803
0.779	1.50408
0.78	1.50523
0.781	1.50556
0.782	1.50687
0.783	1.50506
0.784	1.50556
0.785	1.50474
0.786	1.50687
0.787	1.50704
0.788	1.50556
0.789	1.50638
0.79	1.50654
0.791	1.50572
0.792	1.50457
0.793	1.50654
0.794	1.50375
0.795	1.50506
0.796	1.50457
0.797	1.50556
0.798	1.50885
0.799	1.50704
0.8	1.50474
0.801	1.50605
0.802	1.50556
0.803	1.50391
0.804	1.5049
0.805	1.50539
0.806	1.50654
0.807	1.50556
0.808	1.50441
0.809	1.50523
0.81	1.50457
0.811	1.50605
0.812	1.5072
0.813	1.5072
0.814	1.50358
0.815	1.50408
0.816	1.50556
0.817	1.50457
0.818	1.50161
0.819	1.50572
0.82	1.50293
0.821	1.50539
0.822	1.50293
0.823	1.50589
0.824	1.50474
0.825	1.50457
0.826	1.50375
0.827	1.50638
0.828	1.50408
0.829	1.5072
0.83	1.50671
0.831	1.50474
0.832	1.50408
0.833	1.50424
0.834	1.50326
0.835	1.50589
0.836	1.50408
0.837	1.50556
0.838	1.5021
0.839	1.50687
0.84	1.50523
0.841	1.50654
0.842	1.5049
0.843	1.50523
0.844	1.50457
0.845	1.50474
0.846	1.50506
0.847	1.50539
0.848	1.50556
0.849	1.50918
0.85	1.50654
0.851	1.50687
0.852	1.65275
0.853	1.66032
0.854	1.59749
0.855	1.2786
0.856	1.18699
0.857	1.50737
0.858	1.65127
0.859	1.42152
0.86	1.17943
0.861	1.38846
0.862	1.4651
0.863	1.53352
0.864	1.5072
0.865	1.33879
0.866	1.49257
0.867	1.64354
0.868	1.54092
0.869	1.44454
0.87	1.48796
0.871	1.56559
0.872	1.59881
0.873	1.61887
0.874	1.49257
0.875	1.40556
0.876	1.53763
0.877	1.55144
0.878	1.39931
0.879	1.36774
0.88	1.51592
0.881	1.6067
0.882	1.57891
0.883	1.43254
0.884	1.40655
0.885	1.4822
0.886	1.51066
0.887	1.46724
0.888	1.44602
0.889	1.53368
0.89	1.60062
0.891	1.57052
0.892	1.51329
0.893	1.49421
0.894	1.51921
0.895	1.54026
0.896	1.52332
0.897	1.49125
0.898	1.47793
0.899	1.47398
0.9	1.4679
0.901	1.44997
0.902	1.45753
0.903	1.48812
0.904	1.50852
0.905	1.5225
0.906	1.53138
0.907	1.53582
0.908	1.547
0.909	1.53829
0.91	1.51855
0.911	1.50243
0.912	1.50013
0.913	1.4975
0.914	1.48664
0.915	1.49355
0.916	1.49733
0.917	1.49092
0.918	1.49668
0.919	1.50079
0.92	1.49964
0.921	1.51444
0.922	1.51312
0.923	1.51658
0.924	1.52283
0.925	1.51592
0.926	1.51345
0.927	1.51148
0.928	1.50835
0.929	1.50293
0.93	1.49421
0.931	1.49585
0.932	1.49799
0.933	1.4998
0.934	1.50506
0.935	1.50276
0.936	1.50671
0.937	1.51658
0.938	1.51543
0.939	1.51641
0.94	1.51296
0.941	1.50589
0.942	1.50128
0.943	1.49733
0.944	1.49701
0.945	1.49487
0.946	1.49816
0.947	1.50293
0.948	1.50309
0.949	1.50819
0.95	1.51164
0.951	1.51066
0.952	1.51378
0.953	1.51115
0.954	1.50605
0.955	1.51066
0.956	1.50983
0.957	1.50474
0.958	1.49914
0.959	1.49766
0.96	1.49503
0.961	1.49405
0.962	1.49536
0.963	1.49569
0.964	1.50013
0.965	1.50786
0.966	1.51279
0.967	1.51329
0.968	1.51691
0.969	1.51411
0.97	1.50951
0.971	1.51099
0.972	1.50605
0.973	1.50474
0.974	1.50178
0.975	1.50013
0.976	1.49816
0.977	1.49701
0.978	1.50013
0.979	1.4998
0.98	1.50062
0.981	1.50638
0.982	1.50572
0.983	1.50835
0.984	1.51247
0.985	1.50753
0.986	1.50835
0.987	1.51131
0.988	1.51033
0.989	1.50605
0.99	1.50687
0.991	1.50095
0.992	1.50424
0.993	1.50408
0.994	1.50276
0.995	1.50112
0.996	1.50293
0.997	1.50474
0.998	1.51082
0.999	1.40079
