 Time (s)	Period	Pulse duration	Duty cycle
0.000000E+0	1.023981E-3	9.433315E-4	9.212397E-1
4.990000E+2	1.023381E-3	9.263277E-4	9.051642E-1
1.000000E+3	1.022739E-3	8.103038E-4	7.922883E-1
1.499000E+3	1.023447E-3	6.631736E-4	6.479803E-1
1.999000E+3	1.024060E-3	4.756484E-4	4.644734E-1
2.500000E+3	1.022038E-3	3.103681E-4	3.036758E-1
2.999000E+3	1.023818E-3	1.759653E-4	1.718717E-1
3.499000E+3	1.023350E-3	8.313251E-5	8.123568E-2
3.999000E+3	1.023860E-3	5.952771E-5	5.814050E-2
4.499000E+3	1.023612E-3	1.116288E-4	1.090537E-1
4.999000E+3	1.023509E-3	2.153584E-4	2.104119E-1
5.499000E+3	1.023661E-3	3.631106E-4	3.547177E-1
5.999000E+3	1.024068E-3	5.476625E-4	5.347910E-1
6.500000E+3	1.023943E-3	7.159708E-4	6.992291E-1
6.999000E+3	1.023846E-3	8.634677E-4	8.433568E-1
7.500000E+3	1.024134E-3	9.515385E-4	9.291155E-1
7.999000E+3	1.024173E-3	9.798306E-4	9.567044E-1
8.500000E+3	1.023625E-3	9.355267E-4	9.139346E-1
8.999000E+3	1.023912E-3	8.356441E-4	8.161290E-1
9.500000E+3	1.023185E-3	6.758034E-4	6.604896E-1
9.999000E+3	1.023848E-3	5.036375E-4	4.919063E-1
1.049900E+4	1.023643E-3	3.242716E-4	3.167818E-1
1.100000E+4	1.023963E-3	1.839323E-4	1.796278E-1
1.149900E+4	1.023443E-3	8.777005E-5	8.575962E-2
1.199900E+4	1.023840E-3	5.954634E-5	5.815983E-2
1.250000E+4	1.023947E-3	9.576881E-5	9.352911E-2
1.299900E+4	1.022866E-3	2.037720E-4	1.992166E-1
1.349900E+4	1.023840E-3	3.518168E-4	3.436247E-1
1.400000E+4	1.007867E-3	5.197181E-4	5.156612E-1
1.450000E+4	1.022882E-3	7.037629E-4	6.880195E-1
1.499900E+4	1.022108E-3	8.420237E-4	8.238112E-1
1.549900E+4	1.023612E-3	9.475713E-4	9.257131E-1
1.599900E+4	1.023701E-3	9.793076E-4	9.566347E-1
1.650100E+4	1.022666E-3	9.425750E-4	9.216845E-1
1.700000E+4	1.023361E-3	8.436592E-4	8.244007E-1
1.750000E+4	1.022046E-3	6.864564E-4	6.716490E-1
1.800000E+4	1.023660E-3	5.203721E-4	5.083447E-1
1.849900E+4	1.022723E-3	3.518500E-4	3.440325E-1
1.899900E+4	1.022910E-3	1.963444E-4	1.919469E-1
1.949900E+4	1.023968E-3	9.630770E-5	9.405343E-2
1.999900E+4	1.022422E-3	5.912018E-5	5.782367E-2
2.050000E+4	1.023311E-3	9.180450E-5	8.971316E-2
2.100000E+4	1.023663E-3	1.838459E-4	1.795961E-1
2.149900E+4	1.024689E-3	3.366405E-4	3.285295E-1
2.200000E+4	1.024012E-3	5.041264E-4	4.923051E-1
2.250000E+4	1.023729E-3	6.878850E-4	6.719408E-1
2.299900E+4	1.024219E-3	8.359861E-4	8.162179E-1
2.349900E+4	1.023924E-3	9.362030E-4	9.143286E-1
2.400000E+4	1.023914E-3	9.796765E-4	9.567955E-1
2.450000E+4	1.023516E-3	9.512427E-4	9.293869E-1
2.499900E+4	1.022590E-3	8.540613E-4	8.351943E-1
2.549900E+4	1.023088E-3	7.151307E-4	6.989920E-1
2.599900E+4	1.021866E-3	5.354768E-4	5.240188E-1
2.649900E+4	1.023278E-3	3.632019E-4	3.549395E-1
2.699900E+4	1.023117E-3	2.152157E-4	2.103529E-1
2.749900E+4	1.022796E-3	1.026023E-4	1.003155E-1
2.799900E+4	1.024343E-3	5.992228E-5	5.849825E-2
2.849900E+4	1.023224E-3	8.785673E-5	8.586264E-2
2.900000E+4	1.024355E-3	1.761216E-4	1.719341E-1
2.949900E+4	1.023548E-3	3.117285E-4	3.045569E-1
2.999900E+4	1.022446E-3	4.902104E-4	4.794487E-1
3.050000E+4	1.024156E-3	6.638687E-4	6.482105E-1
3.099900E+4	1.023386E-3	8.236939E-4	8.048715E-1
3.150000E+4	1.023293E-3	9.269600E-4	9.058600E-1
3.199900E+4	1.024392E-3	9.798525E-4	9.565206E-1
3.249900E+4	1.022710E-3	9.544588E-4	9.332639E-1
3.300000E+4	1.022749E-3	8.744739E-4	8.550228E-1
3.349900E+4	1.023223E-3	7.277150E-4	7.111984E-1
3.399900E+4	1.024591E-3	5.640882E-4	5.505497E-1
3.449900E+4	1.023596E-3	3.756559E-4	3.669964E-1
3.499900E+4	1.023835E-3	2.276621E-4	2.223620E-1
3.549900E+4	1.023519E-3	1.162485E-4	1.135773E-1
3.599900E+4	1.022631E-3	6.387095E-5	6.245749E-2
3.649900E+4	1.023284E-3	8.016881E-5	7.834460E-2
3.699900E+4	1.023509E-3	1.652579E-4	1.614621E-1
3.749900E+4	1.023956E-3	3.000298E-4	2.930104E-1
3.799900E+4	1.024286E-3	4.644756E-4	4.534629E-1
3.849900E+4	1.022482E-3	6.472079E-4	6.329770E-1
3.899900E+4	1.022856E-3	7.991720E-4	7.813144E-1
3.949900E+4	1.024171E-3	9.235356E-4	9.017396E-1
4.000000E+4	1.023848E-3	9.748468E-4	9.521403E-1
4.049900E+4	1.023942E-3	9.596420E-4	9.372038E-1
4.099900E+4	1.022124E-3	8.824155E-4	8.633156E-1
4.149900E+4	1.023714E-3	7.555600E-4	7.380578E-1
4.200000E+4	1.023842E-3	5.758708E-4	5.624607E-1
4.249900E+4	1.023671E-3	4.034470E-4	3.941179E-1
4.299900E+4	1.023651E-3	2.396930E-4	2.341549E-1
4.350000E+4	1.023107E-3	1.241020E-4	1.212992E-1
4.399900E+4	1.023854E-3	6.391650E-5	6.242734E-2
4.450000E+4	1.023814E-3	7.695454E-5	7.516457E-2
4.499900E+4	1.024122E-3	1.479459E-4	1.444613E-1
4.549900E+4	1.021802E-3	2.813290E-4	2.753264E-1
4.600000E+4	1.023881E-3	4.477088E-4	4.372664E-1
4.649900E+4	1.023749E-3	6.353388E-4	6.206005E-1
4.700000E+4	1.023054E-3	7.912288E-4	7.733990E-1
4.750000E+4	1.023784E-3	9.069040E-4	8.858356E-1
4.799900E+4	1.022602E-3	9.738725E-4	9.523477E-1
4.849900E+4	1.021855E-3	9.658407E-4	9.451835E-1
4.899900E+4	1.023889E-3	8.919415E-4	8.711308E-1
4.949900E+4	1.023692E-3	7.677909E-4	7.500215E-1
