Frame - Plot 0	Y coordinate - Plot 0
0	509
1	513
2	509
3	509
4	509
5	509
6	509
7	510
8	510
9	509
10	510
11	509
12	509
13	509
14	509
15	509
16	509
17	509
18	591
19	590
20	580
21	587
22	578
23	580
24	588
25	570
26	584
27	585
28	585
29	588
30	577
31	585
32	574
33	593
34	591
35	575
36	582
37	589
38	578
39	576
40	572
41	573
42	583
43	576
44	579
45	579
46	572
47	575
48	577
49	575
50	575
51	568
52	575
53	568
54	509
55	509
56	103
57	178
58	322
59	392
60	249
61	222
62	197
63	247
64	214
65	291
66	399
67	511
68	402
69	404
70	431
71	453
72	509
73	583
74	613
75	511
76	508
77	512
78	509
79	509
80	513
81	509
82	509
83	513
84	509
85	509
86	511
87	509
88	508
89	509
90	510
91	509
92	509
93	509
94	553
95	548
96	513
97	509
98	512
99	509
