Frame - Plot 0	Y coordinate - Plot 0
0	0
1	129
2	125
3	129
4	129
5	125
6	125
7	59
8	68
9	62
10	129
11	57
12	63
13	65
14	128
15	60
16	59
17	125
18	69
19	65
20	62
21	67
22	66
23	127
24	129
25	65
26	127
27	59
28	62
29	57
30	126
31	65
32	69
33	58
34	126
35	65
36	76
37	60
38	62
39	57
40	63
41	66
42	61
43	61
44	128
45	133
46	66
47	71
48	65
49	64
50	124
51	58
52	57
53	76
54	74
55	124
56	69
57	63
58	57
59	65
60	69
61	66
62	66
63	60
64	70
65	57
66	57
67	57
68	68
69	57
70	66
71	65
72	57
73	65
74	69
75	70
76	57
77	57
78	57
79	61
80	111
81	61
82	111
83	57
84	110
85	65
86	63
87	58
88	58
89	103
90	57
91	57
92	101
93	95
94	106
95	95
96	99
97	99
98	95
99	100
100	95
101	57
102	57
103	57
104	57
105	57
106	57
107	57
108	57
109	57
110	59
111	57
112	58
113	102
114	58
115	103
116	60
117	57
118	58
119	59
120	57
121	57
122	58
123	57
124	57
125	57
126	57
127	57
128	57
129	57
130	57
131	100
132	58
133	100
134	98
135	57
136	57
137	115
138	171
139	199
140	313
141	408
142	392
143	297
144	281
145	286
146	322
147	362
148	429
149	411
150	395
151	377
152	393
153	431
154	436
155	445
156	415
157	485
158	469
159	471
160	482
161	479
162	485
163	480
164	480
165	480
166	479
167	479
168	498
169	494
170	475
171	475
172	476
173	475
174	487
175	487
176	489
177	493
178	588
179	0
180	489
181	492
182	0
183	574
184	175
185	243
186	246
187	280
188	379
189	0
190	568
191	0
192	0
193	0
194	0
195	0
196	0
197	0
198	0
199	0
