Time - Dev7/ai0	Amplitude - Dev7/ai0
0	3.85077
0.001	3.85225
0.002	3.8511
0.003	3.85242
0.004	3.85093
0.005	3.85192
0.006	3.85423
0.007	3.85176
0.008	3.85159
0.009	3.85159
0.01	3.85439
0.011	3.85225
0.012	3.85258
0.013	3.85308
0.014	3.85258
0.015	3.85357
0.016	3.85242
0.017	3.85209
0.018	3.85275
0.019	3.85324
0.02	3.85324
0.021	3.85275
0.022	3.84978
0.023	3.85275
0.024	3.85324
0.025	3.85159
0.026	3.85308
0.027	3.85143
0.028	3.85275
0.029	3.84879
0.03	3.85176
0.031	3.85357
0.032	3.85373
0.033	3.85406
0.034	3.85324
0.035	3.85126
0.036	3.85061
0.037	3.85373
0.038	3.85176
0.039	3.85143
0.04	3.85324
0.041	3.85143
0.042	3.85373
0.043	3.85209
0.044	3.85225
0.045	3.8511
0.046	3.85126
0.047	3.85159
0.048	3.85242
0.049	3.85225
0.05	3.85061
0.051	3.85242
0.052	3.85159
0.053	3.85225
0.054	3.85044
0.055	3.85423
0.056	3.85159
0.057	3.85143
0.058	3.85275
0.059	3.85209
0.06	3.85077
0.061	3.85011
0.062	3.85225
0.063	3.85373
0.064	3.85209
0.065	3.85242
0.066	3.84978
0.067	3.85357
0.068	3.85275
0.069	3.85373
0.07	3.84962
0.071	3.85176
0.072	3.8511
0.073	3.85357
0.074	3.85209
0.075	3.85044
0.076	3.85143
0.077	3.85291
0.078	3.8511
0.079	3.85159
0.08	3.85192
0.081	3.85275
0.082	3.85242
0.083	3.84879
0.084	3.85209
0.085	3.85176
0.086	3.85192
0.087	3.85308
0.088	3.85209
0.089	3.85291
0.09	3.85242
0.091	3.85291
0.092	3.85291
0.093	3.85225
0.094	3.84846
0.095	3.85308
0.096	3.85176
0.097	3.85192
0.098	3.85341
0.099	3.85159
0.1	3.85192
0.101	3.85209
0.102	3.85077
0.103	3.8511
0.104	3.8511
0.105	3.85308
0.106	3.85308
0.107	3.85242
0.108	3.85275
0.109	3.85143
0.11	3.85324
0.111	3.85357
0.112	3.8511
0.113	3.85192
0.114	3.85472
0.115	3.85555
0.116	3.84962
0.117	3.85126
0.118	3.85275
0.119	3.85373
0.12	3.85324
0.121	3.8511
0.122	3.85489
0.123	3.84945
0.124	3.85077
0.125	3.85192
0.126	3.85242
0.127	3.85077
0.128	3.84945
0.129	3.84978
0.13	3.85308
0.131	3.85308
0.132	3.85242
0.133	3.85209
0.134	3.85308
0.135	3.85406
0.136	3.85308
0.137	3.85291
0.138	3.85373
0.139	3.85373
0.14	3.85357
0.141	3.85061
0.142	3.85028
0.143	3.85275
0.144	3.85258
0.145	3.85275
0.146	3.84781
0.147	3.85291
0.148	3.85357
0.149	3.85308
0.15	3.85406
0.151	3.85242
0.152	3.85093
0.153	3.85571
0.154	3.8511
0.155	3.85373
0.156	3.85456
0.157	3.85143
0.158	3.85126
0.159	3.85242
0.16	3.85176
0.161	3.85406
0.162	3.85143
0.163	3.85291
0.164	3.85192
0.165	3.85357
0.166	3.85275
0.167	3.85143
0.168	3.85061
0.169	3.85291
0.17	3.85061
0.171	3.85159
0.172	3.85275
0.173	3.85406
0.174	3.85209
0.175	3.85308
0.176	3.85373
0.177	3.85061
0.178	3.85061
0.179	3.85044
0.18	3.85423
0.181	3.84797
0.182	3.85291
0.183	3.85439
0.184	3.84995
0.185	3.85176
0.186	3.8511
0.187	3.85308
0.188	3.85258
0.189	3.84962
0.19	3.85275
0.191	3.85159
0.192	3.85341
0.193	3.85209
0.194	3.85505
0.195	3.85291
0.196	3.84978
0.197	3.84929
0.198	3.85143
0.199	3.85044
0.2	3.85176
0.201	3.85373
0.202	3.84995
0.203	3.84945
0.204	3.85275
0.205	3.85258
0.206	3.84995
0.207	3.85044
0.208	3.85341
0.209	3.85225
0.21	3.85225
0.211	3.84995
0.212	3.85077
0.213	3.85192
0.214	3.85291
0.215	3.85093
0.216	3.85209
0.217	3.85291
0.218	3.85077
0.219	3.85126
0.22	3.85291
0.221	3.85192
0.222	3.84978
0.223	3.85077
0.224	3.85143
0.225	3.85308
0.226	3.85308
0.227	3.85176
0.228	3.85308
0.229	3.85373
0.23	3.85373
0.231	3.85209
0.232	3.85275
0.233	3.85357
0.234	3.85159
0.235	3.85209
0.236	3.85373
0.237	3.85143
0.238	3.85357
0.239	3.85291
0.24	3.85176
0.241	3.85258
0.242	3.84929
0.243	3.85308
0.244	3.85258
0.245	3.85077
0.246	3.8511
0.247	3.84945
0.248	3.84912
0.249	3.85126
0.25	3.85225
0.251	3.85275
0.252	3.85225
0.253	3.85357
0.254	3.85077
0.255	3.85291
0.256	3.85341
0.257	3.85373
0.258	3.8539
0.259	3.8511
0.26	3.85341
0.261	3.85143
0.262	3.84962
0.263	3.85308
0.264	3.85126
0.265	3.85077
0.266	3.85341
0.267	3.85077
0.268	3.85176
0.269	3.85209
0.27	3.85192
0.271	3.85291
0.272	3.85209
0.273	3.85093
0.274	3.85176
0.275	3.85308
0.276	3.85373
0.277	3.85143
0.278	3.85275
0.279	3.84978
0.28	3.8539
0.281	3.85275
0.282	3.85209
0.283	3.85275
0.284	3.85126
0.285	3.85126
0.286	3.85258
0.287	3.85308
0.288	3.85242
0.289	3.85275
0.29	3.85209
0.291	3.85275
0.292	3.85093
0.293	3.85406
0.294	3.85176
0.295	3.8511
0.296	3.85225
0.297	3.85093
0.298	3.85143
0.299	3.85176
0.3	3.85308
0.301	3.85159
0.302	3.85093
0.303	3.85061
0.304	3.85093
0.305	3.85456
0.306	3.85209
0.307	3.85143
0.308	3.85044
0.309	3.84912
0.31	3.85143
0.311	3.84995
0.312	3.84962
0.313	3.85126
0.314	3.85275
0.315	3.85291
0.316	3.85357
0.317	3.85225
0.318	3.85225
0.319	3.85192
0.32	3.85159
0.321	3.85423
0.322	3.85028
0.323	3.85291
0.324	3.85192
0.325	3.85275
0.326	3.85209
0.327	3.85159
0.328	3.85093
0.329	3.85373
0.33	3.85176
0.331	3.85143
0.332	3.85044
0.333	3.85044
0.334	3.85439
0.335	3.85143
0.336	3.84846
0.337	3.85324
0.338	3.85291
0.339	3.85159
0.34	3.85077
0.341	3.85044
0.342	3.85324
0.343	3.85192
0.344	3.85159
0.345	3.85126
0.346	3.85225
0.347	3.85275
0.348	3.85093
0.349	3.84995
0.35	3.85275
0.351	3.85011
0.352	3.85225
0.353	3.85011
0.354	3.85341
0.355	3.85341
0.356	3.8511
0.357	3.85472
0.358	3.85308
0.359	3.85077
0.36	3.85291
0.361	3.85126
0.362	3.85143
0.363	3.85275
0.364	3.84929
0.365	3.85357
0.366	3.85209
0.367	3.85126
0.368	3.85357
0.369	3.85159
0.37	3.85044
0.371	3.85373
0.372	3.85225
0.373	3.85472
0.374	3.85406
0.375	3.85308
0.376	3.85308
0.377	3.85126
0.378	3.85176
0.379	3.85209
0.38	3.84978
0.381	3.85604
0.382	3.84962
0.383	3.84962
0.384	3.85225
0.385	3.85291
0.386	3.85341
0.387	3.85225
0.388	3.85341
0.389	3.8511
0.39	3.85011
0.391	3.85324
0.392	3.85225
0.393	3.85489
0.394	3.85489
0.395	3.8511
0.396	3.85406
0.397	3.85275
0.398	3.85126
0.399	3.85159
0.4	3.85242
0.401	3.85308
0.402	3.85093
0.403	3.85308
0.404	3.85192
0.405	3.85061
0.406	3.85291
0.407	3.85159
0.408	3.85209
0.409	3.85176
0.41	3.85126
0.411	3.85242
0.412	3.85126
0.413	3.85324
0.414	3.85324
0.415	3.85192
0.416	3.85044
0.417	3.85373
0.418	3.85341
0.419	3.84863
0.42	3.85011
0.421	3.85225
0.422	3.85077
0.423	3.85044
0.424	3.85143
0.425	3.85489
0.426	3.85093
0.427	3.85126
0.428	3.85143
0.429	3.84978
0.43	3.85077
0.431	3.8511
0.432	3.85439
0.433	3.85373
0.434	3.85505
0.435	3.85258
0.436	3.85489
0.437	3.85341
0.438	3.85275
0.439	3.85077
0.44	3.84797
0.441	3.85308
0.442	3.85209
0.443	3.85159
0.444	3.85291
0.445	3.8539
0.446	3.85093
0.447	3.85308
0.448	3.85093
0.449	3.85011
0.45	3.85225
0.451	3.85159
0.452	3.85126
0.453	3.84945
0.454	3.85308
0.455	3.85406
0.456	3.85044
0.457	3.85275
0.458	3.85291
0.459	3.85044
0.46	3.85077
0.461	3.85077
0.462	3.85159
0.463	3.85093
0.464	3.84896
0.465	3.85357
0.466	3.85275
0.467	3.84978
0.468	3.85225
0.469	3.85308
0.47	3.85209
0.471	3.85093
0.472	3.85044
0.473	3.85209
0.474	3.85242
0.475	3.8511
0.476	3.85061
0.477	3.85291
0.478	3.8511
0.479	3.85275
0.48	3.84978
0.481	3.85341
0.482	3.85308
0.483	3.85061
0.484	3.85077
0.485	3.85143
0.486	3.85275
0.487	3.85209
0.488	3.85044
0.489	3.85341
0.49	3.85176
0.491	3.85324
0.492	3.85275
0.493	3.85258
0.494	3.85126
0.495	3.85308
0.496	3.85011
0.497	3.85456
0.498	3.85406
0.499	3.85093
0.5	3.79378
0.501	3.42765
0.502	3.6663
0.503	3.84649
0.504	3.99851
0.505	4.34455
0.506	4.22498
0.507	3.80745
0.508	3.64357
0.509	3.7503
0.51	3.88915
0.511	3.69611
0.512	3.54113
0.513	3.48793
0.514	3.83068
0.515	4.03771
0.516	3.96343
0.517	3.6607
0.518	3.5627
0.519	3.78489
0.52	3.90084
0.521	3.89853
0.522	3.77105
0.523	3.72082
0.524	3.9822
0.525	4.15152
0.526	4.13423
0.527	3.97183
0.528	3.96211
0.529	3.95914
0.53	3.89178
0.531	3.83693
0.532	3.71868
0.533	3.71077
0.534	3.76694
0.535	3.76463
0.536	3.72741
0.537	3.74898
0.538	3.79246
0.539	3.8814
0.54	3.971
0.541	3.93032
0.542	3.89293
0.543	3.93642
0.544	3.91204
0.545	3.89623
0.546	3.86675
0.547	3.82919
0.548	3.83035
0.549	3.81223
0.55	3.77468
0.551	3.79576
0.552	3.83199
0.553	3.85011
0.554	3.87663
0.555	3.88997
0.556	3.88355
0.557	3.87515
0.558	3.85769
0.559	3.84204
0.56	3.84896
0.561	3.85489
0.562	3.84583
0.563	3.84896
0.564	3.85966
0.565	3.85341
0.566	3.85209
0.567	3.85044
0.568	3.84599
0.569	3.85308
0.57	3.84583
0.571	3.83957
0.572	3.84023
0.573	3.84105
0.574	3.84583
0.575	3.84962
0.576	3.86032
0.577	3.86955
0.578	3.87383
0.579	3.87366
0.58	3.86477
0.581	3.86181
0.582	3.85011
0.583	3.83677
0.584	3.83446
0.585	3.83051
0.586	3.83183
0.587	3.84138
0.588	3.84089
0.589	3.8483
0.59	3.86279
0.591	3.86543
0.592	3.87119
0.593	3.8707
0.594	3.86856
0.595	3.86526
0.596	3.85818
0.597	3.84451
0.598	3.84023
0.599	3.83693
0.6	3.8343
0.601	3.84039
0.602	3.84484
0.603	3.84846
0.604	3.85192
0.605	3.85835
0.606	3.85999
0.607	3.86872
0.608	3.86164
0.609	3.84945
0.61	3.8455
0.611	3.85489
0.612	3.85983
0.613	3.85406
0.614	3.84698
0.615	3.85291
0.616	3.86164
0.617	3.85901
0.618	3.85159
0.619	3.84731
0.62	3.85176
0.621	3.84945
0.622	3.84599
0.623	3.8511
0.624	3.85637
0.625	3.85933
0.626	3.85341
0.627	3.84846
0.628	3.85159
0.629	3.85126
0.63	3.84929
0.631	3.85143
0.632	3.85275
0.633	3.85406
0.634	3.85357
0.635	3.85044
0.636	3.84781
0.637	3.85291
0.638	3.85341
0.639	3.85176
0.64	3.85472
0.641	3.85489
0.642	3.85275
0.643	3.84879
0.644	3.84929
0.645	3.85077
0.646	3.84879
0.647	3.84863
0.648	3.85176
0.649	3.84995
0.65	3.85159
0.651	3.8511
0.652	3.84698
0.653	3.85423
0.654	3.85192
0.655	3.84912
0.656	3.85571
0.657	3.85406
0.658	3.85522
0.659	3.85538
0.66	3.85522
0.661	3.85686
0.662	3.85571
0.663	3.85291
0.664	3.85719
0.665	3.85011
0.666	3.85077
0.667	3.84912
0.668	3.84616
0.669	3.84616
0.67	3.84698
0.671	3.84402
0.672	3.8483
0.673	3.85028
0.674	3.85192
0.675	3.85373
0.676	3.8567
0.677	3.85505
0.678	3.85917
0.679	3.85522
0.68	3.85357
0.681	3.85686
0.682	3.85093
0.683	3.85423
0.684	3.84879
0.685	3.84715
0.686	3.84962
0.687	3.84863
0.688	3.84846
0.689	3.85159
0.69	3.8567
0.691	3.85538
0.692	3.84748
0.693	3.85011
0.694	3.85621
0.695	3.86428
0.696	3.85966
0.697	3.85472
0.698	3.85522
0.699	3.85637
0.7	3.85571
0.701	3.85176
0.702	3.84813
0.703	3.84863
0.704	3.8455
0.705	3.84237
0.706	3.84929
0.707	3.85439
0.708	3.85341
0.709	3.85752
0.71	3.85439
0.711	3.85472
0.712	3.85555
0.713	3.85176
0.714	3.85275
0.715	3.85077
0.716	3.85291
0.717	3.85209
0.718	3.84978
0.719	3.85061
0.72	3.84995
0.721	3.85011
0.722	3.85176
0.723	3.85308
0.724	3.85406
0.725	3.84846
0.726	3.85044
0.727	3.85308
0.728	3.85093
0.729	3.85225
0.73	3.84945
0.731	3.85291
0.732	3.85621
0.733	3.85769
0.734	3.85621
0.735	3.85522
0.736	3.85703
0.737	3.85423
0.738	3.85077
0.739	3.85077
0.74	4.0438
0.741	4.45523
0.742	4.45606
0.743	4.20357
0.744	4.08893
0.745	3.94745
0.746	3.97265
0.747	4.06423
0.748	3.81091
0.749	3.60256
0.75	3.84879
0.751	3.86691
0.752	3.67964
0.753	3.63023
0.754	3.63896
0.755	3.76298
0.756	3.92736
0.757	3.94729
0.758	3.83611
0.759	3.76512
0.76	3.82409
0.761	3.79658
0.762	3.90825
0.763	3.88124
0.764	3.89409
0.765	4.00592
0.766	4.0051
0.767	3.90595
0.768	3.86378
0.769	3.86675
0.77	3.89129
0.771	3.82853
0.772	3.75854
0.773	3.72774
0.774	3.77138
0.775	3.82442
0.776	3.81322
0.777	3.80202
0.778	3.87037
0.779	3.92044
0.78	3.8959
0.781	3.94136
0.782	3.91599
0.783	3.86856
0.784	3.85588
0.785	3.82903
0.786	3.80086
0.787	3.80679
0.788	3.78736
0.789	3.79741
0.79	3.85077
0.791	3.86708
0.792	3.87136
0.793	3.88618
0.794	3.87712
0.795	3.8819
0.796	3.87119
0.797	3.85439
0.798	3.85093
0.799	3.85423
0.8	3.84303
0.801	3.83792
0.802	3.84221
0.803	3.84023
0.804	3.84253
0.805	3.8483
0.806	3.84945
0.807	3.85983
0.808	3.86065
0.809	3.85406
0.81	3.84632
0.811	3.84912
0.812	3.85077
0.813	3.84978
0.814	3.85209
0.815	3.85769
0.816	3.85802
0.817	3.85802
0.818	3.85373
0.819	3.85373
0.82	3.85176
0.821	3.84929
0.822	3.84517
0.823	3.85044
0.824	3.85736
0.825	3.84138
0.826	3.83644
0.827	3.85373
0.828	3.86889
0.829	3.87169
0.83	3.85802
0.831	3.85044
0.832	3.86213
0.833	3.86576
0.834	3.85472
0.835	3.84451
0.836	3.84089
0.837	3.8455
0.838	3.84155
0.839	3.84319
0.84	3.85011
0.841	3.85489
0.842	3.85489
0.843	3.85192
0.844	3.8511
0.845	3.85752
0.846	3.85901
0.847	3.85538
0.848	3.85637
0.849	3.85373
0.85	3.84995
0.851	3.84945
0.852	3.84649
0.853	3.84649
0.854	3.8567
0.855	3.85423
0.856	3.85176
0.857	3.85571
0.858	3.85456
0.859	3.85176
0.86	3.85077
0.861	3.85028
0.862	3.8483
0.863	3.85044
0.864	3.85044
0.865	3.85324
0.866	3.85275
0.867	3.8539
0.868	3.85143
0.869	3.85505
0.87	3.85604
0.871	3.85077
0.872	3.85439
0.873	3.85176
0.874	3.84863
0.875	3.8511
0.876	3.84781
0.877	3.84995
0.878	3.85357
0.879	3.85439
0.88	3.85159
0.881	3.85275
0.882	3.85291
0.883	3.84879
0.884	3.85192
0.885	3.85061
0.886	3.85143
0.887	3.85456
0.888	3.84929
0.889	3.84418
0.89	3.84912
0.891	3.85176
0.892	3.85686
0.893	3.85621
0.894	3.85291
0.895	3.85571
0.896	3.85769
0.897	3.85653
0.898	3.85357
0.899	3.85538
0.9	3.85769
0.901	3.85242
0.902	3.85225
0.903	3.85143
0.904	3.84896
0.905	3.85225
0.906	3.85209
0.907	3.84995
0.908	3.85077
0.909	3.85093
0.91	3.84748
0.911	3.84945
0.912	3.85242
0.913	3.97891
0.914	4.04726
0.915	3.9127
0.916	3.77978
0.917	4.02074
0.918	4.12517
0.919	3.99703
0.92	3.90117
0.921	3.64983
0.922	3.67783
0.923	3.84616
0.924	3.79526
0.925	3.72642
0.926	3.76858
0.927	3.72724
0.928	4.01449
0.929	3.93773
0.93	3.77715
0.931	3.71769
0.932	3.83117
0.933	3.85406
0.934	3.85966
0.935	3.81701
0.936	3.85802
0.937	3.97759
0.938	4.01712
0.939	3.90166
0.94	3.78934
0.941	3.8455
0.942	3.89013
0.943	3.9155
0.944	3.83908
0.945	3.71242
0.946	3.78522
0.947	3.84435
0.948	3.82244
0.949	3.83628
0.95	3.85406
0.951	3.85621
0.952	3.88717
0.953	3.87053
0.954	3.8511
0.955	3.89705
0.956	3.90825
0.957	3.87745
0.958	3.84188
0.959	3.83595
0.96	3.83446
0.961	3.82392
0.962	3.81585
0.963	3.83628
0.964	3.85341
0.965	3.86263
0.966	3.85653
0.967	3.85159
0.968	3.87317
0.969	3.86625
0.97	3.84846
0.971	3.85159
0.972	3.84945
0.973	3.85028
0.974	3.85061
0.975	3.84023
0.976	3.84929
0.977	3.86411
0.978	3.86065
0.979	3.84781
0.98	3.85456
0.981	3.85686
0.982	3.84517
0.983	3.84797
0.984	3.84023
0.985	3.84698
0.986	3.85571
0.987	3.85126
0.988	3.84435
0.989	3.85588
0.99	3.85686
0.991	3.85242
0.992	3.85357
0.993	3.8595
0.994	3.85621
0.995	3.85472
0.996	3.85456
0.997	3.84846
0.998	3.85703
0.999	3.85028
