Time - Dev7/ai0	Amplitude - Dev7/ai0
0	3.85752
0.001	3.85736
0.002	3.85505
0.003	3.85686
0.004	3.85653
0.005	3.85472
0.006	3.85489
0.007	3.85719
0.008	3.8567
0.009	3.85933
0.01	3.85686
0.011	3.85901
0.012	3.85653
0.013	3.85703
0.014	3.85719
0.015	3.85588
0.016	3.85489
0.017	3.85901
0.018	3.85703
0.019	3.85472
0.02	3.85604
0.021	3.85489
0.022	3.85588
0.023	3.85489
0.024	3.85621
0.025	3.85538
0.026	3.85571
0.027	3.85736
0.028	3.85686
0.029	3.85555
0.03	3.85769
0.031	3.85653
0.032	3.85835
0.033	3.8567
0.034	3.85637
0.035	3.85736
0.036	3.85505
0.037	3.85835
0.038	3.85703
0.039	3.85686
0.04	3.85703
0.041	3.85653
0.042	3.85621
0.043	3.85719
0.044	3.85719
0.045	3.85653
0.046	3.85818
0.047	3.85884
0.048	3.85901
0.049	3.85703
0.05	3.85456
0.051	3.85719
0.052	3.85818
0.053	3.85769
0.054	3.85489
0.055	3.85719
0.056	3.85703
0.057	3.85868
0.058	3.85505
0.059	3.85653
0.06	3.85752
0.061	3.85703
0.062	3.85719
0.063	3.85538
0.064	3.85505
0.065	3.85588
0.066	3.85621
0.067	3.86032
0.068	3.85555
0.069	3.85884
0.07	3.85769
0.071	3.85933
0.072	3.85835
0.073	3.85719
0.074	3.85752
0.075	3.85703
0.076	3.85621
0.077	3.85769
0.078	3.85538
0.079	3.85538
0.08	3.85505
0.081	3.85505
0.082	3.85489
0.083	3.85555
0.084	3.85423
0.085	3.85653
0.086	3.85736
0.087	3.85818
0.088	3.85538
0.089	3.85686
0.09	3.85752
0.091	3.85736
0.092	3.85818
0.093	3.85555
0.094	3.85439
0.095	3.85538
0.096	3.85769
0.097	3.85538
0.098	3.85621
0.099	3.8567
0.1	3.85571
0.101	3.85604
0.102	3.85917
0.103	3.85752
0.104	3.85555
0.105	3.85736
0.106	3.85719
0.107	3.85686
0.108	3.85802
0.109	3.85604
0.11	3.85966
0.111	3.85637
0.112	3.85719
0.113	3.85835
0.114	3.85686
0.115	3.85291
0.116	3.85423
0.117	3.85324
0.118	3.85538
0.119	3.85933
0.12	3.8567
0.121	3.85802
0.122	3.85637
0.123	3.85653
0.124	3.85472
0.125	3.85752
0.126	3.86016
0.127	3.85769
0.128	3.85769
0.129	3.85835
0.13	3.85999
0.131	3.85884
0.132	3.85901
0.133	3.85719
0.134	3.85604
0.135	3.85588
0.136	3.8567
0.137	3.85456
0.138	3.85489
0.139	3.85604
0.14	3.85802
0.141	3.85604
0.142	3.85423
0.143	3.85719
0.144	3.85604
0.145	3.85835
0.146	3.85752
0.147	3.8567
0.148	3.85604
0.149	3.85719
0.15	3.85736
0.151	3.85703
0.152	3.85637
0.153	3.85653
0.154	3.85538
0.155	3.85637
0.156	3.85868
0.157	3.85472
0.158	3.85818
0.159	3.85637
0.16	3.85736
0.161	3.85357
0.162	3.85604
0.163	3.85538
0.164	3.85555
0.165	3.85538
0.166	3.85555
0.167	3.85868
0.168	3.85719
0.169	3.85555
0.17	3.8595
0.171	3.85884
0.172	3.85752
0.173	3.85736
0.174	3.85785
0.175	3.85703
0.176	3.85555
0.177	3.85752
0.178	3.85802
0.179	3.85555
0.18	3.85588
0.181	3.85653
0.182	3.85588
0.183	3.85604
0.184	3.85621
0.185	3.85406
0.186	3.85719
0.187	3.85884
0.188	3.85835
0.189	3.85456
0.19	3.8567
0.191	3.85736
0.192	3.85818
0.193	3.85456
0.194	3.85653
0.195	3.85785
0.196	3.85439
0.197	3.85406
0.198	3.85835
0.199	3.85686
0.2	3.86016
0.201	3.85769
0.202	3.85588
0.203	3.85736
0.204	3.85769
0.205	3.85703
0.206	3.85719
0.207	3.85621
0.208	3.85818
0.209	3.85999
0.21	3.85752
0.211	3.85637
0.212	3.85703
0.213	3.85621
0.214	3.85719
0.215	3.85538
0.216	3.85522
0.217	3.85703
0.218	3.85653
0.219	3.85571
0.22	3.85472
0.221	3.85835
0.222	3.85818
0.223	3.85555
0.224	3.85703
0.225	3.85621
0.226	3.85736
0.227	3.85637
0.228	3.85703
0.229	3.85637
0.23	3.85637
0.231	3.85637
0.232	3.85538
0.233	3.85719
0.234	3.85752
0.235	3.85983
0.236	3.85621
0.237	3.85785
0.238	3.85621
0.239	3.85719
0.24	3.85703
0.241	3.85769
0.242	3.85736
0.243	3.85851
0.244	3.85802
0.245	3.85752
0.246	3.85785
0.247	3.85983
0.248	3.85604
0.249	3.8567
0.25	3.85999
0.251	3.85604
0.252	3.85785
0.253	3.85604
0.254	3.85653
0.255	3.85769
0.256	3.85736
0.257	3.85736
0.258	3.85522
0.259	3.85818
0.26	3.85802
0.261	3.85538
0.262	3.85621
0.263	3.85653
0.264	3.85703
0.265	3.85884
0.266	3.8595
0.267	3.85439
0.268	3.85835
0.269	3.85752
0.27	3.85752
0.271	3.85505
0.272	3.85538
0.273	3.85769
0.274	3.85769
0.275	3.85571
0.276	3.85686
0.277	3.85835
0.278	3.85456
0.279	3.85571
0.28	3.85686
0.281	3.85604
0.282	3.85604
0.283	3.8567
0.284	3.85571
0.285	3.85769
0.286	3.85752
0.287	3.85719
0.288	3.85884
0.289	3.85752
0.29	3.85505
0.291	3.85736
0.292	3.8567
0.293	3.85802
0.294	3.85917
0.295	3.85884
0.296	3.85621
0.297	3.85736
0.298	3.85653
0.299	3.85472
0.3	3.8567
0.301	3.85406
0.302	3.85406
0.303	3.85736
0.304	3.85489
0.305	3.85719
0.306	3.85835
0.307	3.85736
0.308	3.85818
0.309	3.85785
0.31	3.85818
0.311	3.85472
0.312	3.85653
0.313	3.8567
0.314	3.85851
0.315	3.85703
0.316	3.85423
0.317	3.85719
0.318	3.85752
0.319	3.85637
0.32	3.85802
0.321	3.85868
0.322	3.85555
0.323	3.8567
0.324	3.85604
0.325	3.85736
0.326	3.85818
0.327	3.85802
0.328	3.85653
0.329	3.8567
0.33	3.85653
0.331	3.85769
0.332	3.85571
0.333	3.85653
0.334	3.85505
0.335	3.85785
0.336	3.8567
0.337	3.85406
0.338	3.85571
0.339	3.85851
0.34	3.85423
0.341	3.85752
0.342	3.85686
0.343	3.85538
0.344	3.85719
0.345	3.85588
0.346	3.8567
0.347	3.85555
0.348	3.85588
0.349	3.85571
0.35	3.8567
0.351	3.85901
0.352	3.85802
0.353	3.85621
0.354	3.85736
0.355	3.85604
0.356	3.85851
0.357	3.85752
0.358	3.8567
0.359	3.85818
0.36	3.85621
0.361	3.85785
0.362	3.85752
0.363	3.85621
0.364	3.8567
0.365	3.85901
0.366	3.85769
0.367	3.85851
0.368	3.85621
0.369	3.85752
0.37	3.85835
0.371	3.85835
0.372	3.85802
0.373	3.8567
0.374	3.85736
0.375	3.85736
0.376	3.85868
0.377	3.85604
0.378	3.85621
0.379	3.85653
0.38	3.85357
0.381	3.85785
0.382	3.85686
0.383	3.85637
0.384	3.85719
0.385	3.85406
0.386	3.85472
0.387	3.85604
0.388	3.85588
0.389	3.85752
0.39	3.85588
0.391	3.85522
0.392	3.85983
0.393	3.85456
0.394	3.85752
0.395	3.86049
0.396	3.85719
0.397	3.85752
0.398	3.85851
0.399	3.85785
0.4	3.85637
0.401	3.85703
0.402	3.85588
0.403	3.85489
0.404	3.85736
0.405	3.85785
0.406	3.85588
0.407	3.8567
0.408	3.85555
0.409	3.85588
0.41	3.85555
0.411	3.85555
0.412	3.85802
0.413	3.85719
0.414	3.85555
0.415	3.8595
0.416	3.8567
0.417	3.85621
0.418	3.85653
0.419	3.85752
0.42	3.85472
0.421	3.85686
0.422	3.85621
0.423	3.85571
0.424	3.85324
0.425	3.85868
0.426	3.85769
0.427	3.8595
0.428	3.85785
0.429	3.85868
0.43	3.85604
0.431	3.85917
0.432	3.86032
0.433	3.85522
0.434	3.85917
0.435	3.85719
0.436	3.85686
0.437	3.8567
0.438	3.85736
0.439	3.85588
0.44	3.85439
0.441	3.85505
0.442	3.85538
0.443	3.85835
0.444	3.85588
0.445	3.85736
0.446	3.85752
0.447	3.85604
0.448	3.85785
0.449	3.85604
0.45	3.85999
0.451	3.85851
0.452	3.85966
0.453	3.85604
0.454	3.85785
0.455	3.85851
0.456	3.8567
0.457	3.85719
0.458	3.85868
0.459	3.85423
0.46	3.85719
0.461	3.85456
0.462	3.85538
0.463	3.85621
0.464	3.85736
0.465	3.85456
0.466	3.85802
0.467	3.85818
0.468	3.85901
0.469	3.8567
0.47	3.85686
0.471	3.85456
0.472	3.85555
0.473	3.85851
0.474	3.85588
0.475	3.85917
0.476	3.85653
0.477	3.85571
0.478	3.85621
0.479	3.85835
0.48	3.85703
0.481	3.85802
0.482	3.85588
0.483	3.85604
0.484	3.85769
0.485	3.85489
0.486	3.85686
0.487	3.85472
0.488	3.85802
0.489	3.85868
0.49	3.85818
0.491	3.85719
0.492	3.85884
0.493	3.85423
0.494	3.85703
0.495	3.85555
0.496	3.8567
0.497	3.85851
0.498	3.85439
0.499	3.8595
0.5	4.46116
0.501	4.46116
0.502	4.46116
0.503	4.46116
0.504	2.85086
0.505	3.56452
0.506	4.46116
0.507	4.46166
0.508	3.75607
0.509	3.28551
0.51	2.97686
0.511	3.76167
0.512	4.35822
0.513	3.47805
0.514	2.98707
0.515	3.38664
0.516	4.25347
0.517	4.46314
0.518	3.69677
0.519	3.3705
0.52	4.02239
0.521	4.13604
0.522	3.64407
0.523	3.20184
0.524	3.39454
0.525	3.91336
0.526	4.01679
0.527	3.72757
0.528	3.64341
0.529	3.8707
0.53	4.20999
0.531	3.95354
0.532	3.41299
0.533	3.41925
0.534	3.6892
0.535	3.77237
0.536	3.61393
0.537	3.52515
0.538	3.74421
0.539	4.05945
0.54	4.02519
0.541	3.73185
0.542	3.72312
0.543	3.78225
0.544	3.69661
0.545	3.52729
0.546	3.42929
0.547	3.71308
0.548	4.08432
0.549	4.08317
0.55	3.74355
0.551	3.59564
0.552	4.46166
0.553	4.46199
0.554	4.39034
0.555	4.14888
0.556	4.45161
0.557	4.34043
0.558	4.4633
0.559	4.15053
0.56	3.3621
0.561	3.46289
0.562	3.8315
0.563	3.69018
0.564	3.59054
0.565	3.63913
0.566	3.72197
0.567	3.91995
0.568	3.88602
0.569	3.74157
0.57	3.84912
0.571	3.93823
0.572	3.77402
0.573	3.55957
0.574	3.47327
0.575	3.54376
0.576	3.72312
0.577	3.75623
0.578	3.72642
0.579	3.84748
0.58	3.95684
0.581	4.01959
0.582	4.19928
0.583	3.91797
0.584	3.692
0.585	3.72955
0.586	4.16782
0.587	4.34702
0.588	4.14263
0.589	3.89771
0.59	3.73828
0.591	3.89689
0.592	3.999
0.593	3.90726
0.594	3.81766
0.595	3.72955
0.596	3.79889
0.597	3.74272
0.598	3.64275
0.599	3.65444
0.6	3.71522
0.601	3.78785
0.602	3.78884
0.603	3.75392
0.604	3.85901
0.605	3.91171
0.606	4.21394
0.607	4.23074
0.608	4.06554
0.609	3.78094
0.61	3.67503
0.611	3.84484
0.612	3.96507
0.613	3.8791
0.614	3.78176
0.615	3.70155
0.616	4.36794
0.617	4.46133
0.618	4.46281
0.619	4.4633
0.62	3.42995
0.621	3.57209
0.622	4.33895
0.623	4.19862
0.624	3.77435
0.625	3.73054
0.626	3.76545
0.627	4.15827
0.628	4.05401
0.629	3.51445
0.63	3.57736
0.631	3.87482
0.632	3.9318
0.633	3.79757
0.634	3.44082
0.635	3.54261
0.636	3.96474
0.637	3.84945
0.638	3.62249
0.639	3.65444
0.64	3.81931
0.641	4.05039
0.642	3.94202
0.643	3.72625
0.644	3.78028
0.645	3.98616
0.646	4.4633
0.647	4.46298
0.648	3.97067
0.649	3.51115
0.65	3.7027
0.651	4.01745
0.652	3.9435
0.653	3.84929
0.654	3.86263
0.655	3.95964
0.656	3.99933
0.657	3.72362
0.658	3.5795
0.659	4.00049
0.66	4.12105
0.661	4.03474
0.662	3.88865
0.663	3.74602
0.664	3.90578
0.665	3.98566
0.666	3.81931
0.667	3.76512
0.668	3.97578
0.669	4.0387
0.67	3.93395
0.671	3.76941
0.672	3.76941
0.673	3.92587
0.674	3.88783
0.675	3.88042
0.676	3.8931
0.677	3.87795
0.678	3.95107
0.679	3.97166
0.68	3.90249
0.681	3.92192
0.682	3.91912
0.683	3.92291
0.684	3.91303
0.685	3.87465
0.686	3.86642
0.687	3.8679
0.688	3.89326
0.689	3.86823
0.69	3.81882
0.691	3.82326
0.692	3.86411
0.693	3.85719
0.694	3.86263
0.695	3.86082
0.696	3.89162
0.697	3.93411
0.698	3.91896
0.699	3.93839
0.7	3.94893
0.701	3.88322
0.702	3.88108
0.703	3.8954
0.704	3.90282
0.705	3.90315
0.706	3.87268
0.707	3.88157
0.708	3.90282
0.709	3.90479
0.71	3.89079
0.711	3.87399
0.712	3.88404
0.713	3.89112
0.714	3.86131
0.715	3.8679
0.716	3.88816
0.717	3.88223
0.718	3.88816
0.719	3.88388
0.72	3.88058
0.721	3.89738
0.722	3.89442
0.723	3.89145
0.724	3.90018
0.725	3.90183
0.726	3.90035
0.727	3.89705
0.728	3.88717
0.729	3.88223
0.73	3.88437
0.731	3.88536
0.732	3.88585
0.733	3.88042
0.734	3.88618
0.735	3.89639
0.736	3.89293
0.737	3.89524
0.738	3.89195
0.739	3.89606
0.74	3.90479
0.741	3.89524
0.742	3.89524
0.743	3.90117
0.744	3.89425
0.745	3.89557
0.746	3.88799
0.747	3.87482
0.748	3.88338
0.749	3.88338
0.75	3.88355
0.751	3.87449
0.752	3.87449
0.753	3.88569
0.754	3.88816
0.755	3.89277
0.756	3.89491
0.757	3.89491
0.758	3.90232
0.759	3.89639
0.76	3.89606
0.761	3.89689
0.762	3.89096
0.763	3.88832
0.764	3.88453
0.765	3.88766
0.766	3.88256
0.767	3.88091
0.768	3.88173
0.769	3.87992
0.77	3.88717
0.771	3.88997
0.772	3.88519
0.773	3.89392
0.774	3.89409
0.775	3.8903
0.776	3.89442
0.777	3.89326
0.778	3.89788
0.779	3.89442
0.78	3.89326
0.781	3.89277
0.782	3.88898
0.783	3.89277
0.784	3.89096
0.785	3.88388
0.786	3.88865
0.787	3.8898
0.788	3.8898
0.789	3.89458
0.79	3.88766
0.791	3.88832
0.792	3.88964
0.793	3.88964
0.794	3.89557
0.795	3.89656
0.796	3.89392
0.797	3.89096
0.798	3.89326
0.799	3.89458
0.8	3.88997
0.801	3.8898
0.802	3.88816
0.803	3.88602
0.804	3.88536
0.805	3.88322
0.806	3.88585
0.807	3.88668
0.808	3.88108
0.809	3.887
0.81	3.88272
0.811	3.88733
0.812	3.89195
0.813	3.89293
0.814	3.89491
0.815	3.89112
0.816	3.89343
0.817	3.89788
0.818	3.89376
0.819	3.89079
0.82	3.88964
0.821	3.88964
0.822	3.8898
0.823	3.88799
0.824	3.88651
0.825	3.88503
0.826	3.88651
0.827	3.88602
0.828	3.88717
0.829	3.88997
0.83	3.88931
0.831	3.88915
0.832	3.88948
0.833	3.88684
0.834	3.89096
0.835	3.89376
0.836	3.88503
0.837	3.89063
0.838	3.89326
0.839	3.89063
0.84	3.89013
0.841	3.89145
0.842	3.89145
0.843	3.8898
0.844	3.89244
0.845	3.89293
0.846	3.88931
0.847	3.89063
0.848	3.88832
0.849	3.8903
0.85	3.89491
0.851	3.89277
0.852	3.89524
0.853	3.89277
0.854	3.89013
0.855	3.89573
0.856	3.89376
0.857	3.89145
0.858	3.88733
0.859	3.88042
0.86	3.88552
0.861	3.88503
0.862	3.8875
0.863	3.88997
0.864	3.88766
0.865	3.88931
0.866	3.8931
0.867	3.89162
0.868	3.89376
0.869	3.8931
0.87	3.89178
0.871	3.88931
0.872	3.89112
0.873	3.89046
0.874	3.88618
0.875	3.88766
0.876	3.88651
0.877	3.88783
0.878	3.88931
0.879	3.88519
0.88	3.88832
0.881	3.88684
0.882	3.88668
0.883	3.89013
0.884	3.88948
0.885	3.88915
0.886	3.89063
0.887	3.89129
0.888	3.89326
0.889	3.89475
0.89	3.89804
0.891	3.89409
0.892	3.89195
0.893	3.89343
0.894	3.88964
0.895	3.89063
0.896	3.88964
0.897	3.88536
0.898	3.88453
0.899	3.88684
0.9	3.88651
0.901	3.88668
0.902	3.88964
0.903	3.88651
0.904	3.88766
0.905	3.89244
0.906	3.89409
0.907	3.89442
0.908	3.89343
0.909	3.88997
0.91	3.89096
0.911	3.89293
0.912	3.88799
0.913	3.88849
0.914	3.88733
0.915	3.88552
0.916	3.88717
0.917	3.88486
0.918	3.88618
0.919	3.88486
0.92	3.88618
0.921	3.88783
0.922	3.88733
0.923	3.88783
0.924	3.89392
0.925	3.89195
0.926	3.89129
0.927	3.89326
0.928	3.89293
0.929	3.89277
0.93	3.89508
0.931	3.88997
0.932	3.88882
0.933	3.89013
0.934	3.88832
0.935	3.8875
0.936	3.89063
0.937	3.89178
0.938	3.89195
0.939	3.89425
0.94	3.89013
0.941	3.89162
0.942	3.88948
0.943	3.88684
0.944	3.88915
0.945	3.8898
0.946	3.88684
0.947	3.88783
0.948	3.88684
0.949	3.88948
0.95	3.89211
0.951	3.89046
0.952	3.89376
0.953	3.89178
0.954	3.89442
0.955	3.89079
0.956	3.88915
0.957	3.89195
0.958	3.88684
0.959	3.88635
0.96	3.88371
0.961	3.88585
0.962	3.88816
0.963	3.89162
0.964	3.8903
0.965	3.89046
0.966	3.88997
0.967	3.88964
0.968	3.8903
0.969	3.89013
0.97	3.8903
0.971	3.88783
0.972	3.88931
0.973	3.88783
0.974	3.88668
0.975	3.88635
0.976	3.88668
0.977	3.88668
0.978	3.88898
0.979	3.88931
0.98	3.88684
0.981	3.89129
0.982	3.88898
0.983	3.8903
0.984	3.89096
0.985	3.89096
0.986	3.88898
0.987	3.8926
0.988	3.88964
0.989	3.88783
0.99	3.887
0.991	3.88865
0.992	3.8875
0.993	3.8903
0.994	3.88668
0.995	3.88783
0.996	3.88882
0.997	3.88898
0.998	3.88766
0.999	3.88684
