Time - Dev7/ai0	Amplitude - Dev7/ai0
0	3.8763
0.001	3.87449
0.002	3.87696
0.003	3.87828
0.004	3.87696
0.005	3.87729
0.006	3.87943
0.007	3.87597
0.008	3.87811
0.009	3.87811
0.01	3.87663
0.011	3.87416
0.012	3.87712
0.013	3.87515
0.014	3.87548
0.015	3.87696
0.016	3.87712
0.017	3.87646
0.018	3.87465
0.019	3.8758
0.02	3.87762
0.021	3.87696
0.022	3.8763
0.023	3.87712
0.024	3.87531
0.025	3.87778
0.026	3.87613
0.027	3.8763
0.028	3.87366
0.029	3.8763
0.03	3.87745
0.031	3.87646
0.032	3.87811
0.033	3.87663
0.034	3.87778
0.035	3.87465
0.036	3.87646
0.037	3.87482
0.038	3.87548
0.039	3.87449
0.04	3.87795
0.041	3.87828
0.042	3.87828
0.043	3.87679
0.044	3.87679
0.045	3.87383
0.046	3.87729
0.047	3.8763
0.048	3.87663
0.049	3.87597
0.05	3.87317
0.051	3.87663
0.052	3.87877
0.053	3.87646
0.054	3.87597
0.055	3.87778
0.056	3.87778
0.057	3.87515
0.058	3.87663
0.059	3.87548
0.06	3.8758
0.061	3.87712
0.062	3.87646
0.063	3.87531
0.064	3.87646
0.065	3.87696
0.066	3.87613
0.067	3.87893
0.068	3.87646
0.069	3.87663
0.07	3.8758
0.071	3.87597
0.072	3.8735
0.073	3.87613
0.074	3.87564
0.075	3.87795
0.076	3.87696
0.077	3.87515
0.078	3.8763
0.079	3.87515
0.08	3.87531
0.081	3.8763
0.082	3.87482
0.083	3.87646
0.084	3.87597
0.085	3.8763
0.086	3.87811
0.087	3.87893
0.088	3.87416
0.089	3.87399
0.09	3.87399
0.091	3.87597
0.092	3.87465
0.093	3.87564
0.094	3.87613
0.095	3.87399
0.096	3.87597
0.097	3.8758
0.098	3.87778
0.099	3.87696
0.1	3.87729
0.101	3.87597
0.102	3.87696
0.103	3.87811
0.104	3.87564
0.105	3.87531
0.106	3.87795
0.107	3.87828
0.108	3.87844
0.109	3.87613
0.11	3.87745
0.111	3.87795
0.112	3.87663
0.113	3.8758
0.114	3.87696
0.115	3.87613
0.116	3.87613
0.117	3.87778
0.118	3.87515
0.119	3.87844
0.12	3.87515
0.121	3.87811
0.122	3.87696
0.123	3.87399
0.124	3.87696
0.125	3.87762
0.126	3.87564
0.127	3.87712
0.128	3.87646
0.129	3.87745
0.13	3.87712
0.131	3.87646
0.132	3.8763
0.133	3.87515
0.134	3.88009
0.135	3.87548
0.136	3.87745
0.137	3.87515
0.138	3.8758
0.139	3.8758
0.14	3.8791
0.141	3.87729
0.142	3.87811
0.143	3.87762
0.144	3.87564
0.145	3.87729
0.146	3.87515
0.147	3.87613
0.148	3.8758
0.149	3.87646
0.15	3.8758
0.151	3.87465
0.152	3.87778
0.153	3.87432
0.154	3.87548
0.155	3.8758
0.156	3.87613
0.157	3.87613
0.158	3.87432
0.159	3.87646
0.16	3.87613
0.161	3.87762
0.162	3.87383
0.163	3.87712
0.164	3.87811
0.165	3.87795
0.166	3.8786
0.167	3.87564
0.168	3.8758
0.169	3.87399
0.17	3.87745
0.171	3.87366
0.172	3.87663
0.173	3.87646
0.174	3.87646
0.175	3.87795
0.176	3.87762
0.177	3.87597
0.178	3.87762
0.179	3.87762
0.18	3.87663
0.181	3.8758
0.182	3.87564
0.183	3.87366
0.184	3.87646
0.185	3.87416
0.186	3.87465
0.187	3.87976
0.188	3.87646
0.189	3.8763
0.19	3.87482
0.191	3.87531
0.192	3.87498
0.193	3.87498
0.194	3.87795
0.195	3.8763
0.196	3.87432
0.197	3.87696
0.198	3.8763
0.199	3.87811
0.2	3.87548
0.201	3.87482
0.202	3.87613
0.203	3.87531
0.204	3.87498
0.205	3.87663
0.206	3.87811
0.207	3.87679
0.208	3.87597
0.209	3.87679
0.21	3.87597
0.211	3.87795
0.212	3.87449
0.213	3.87383
0.214	3.87498
0.215	3.87712
0.216	3.87432
0.217	3.87564
0.218	3.87729
0.219	3.87844
0.22	3.87548
0.221	3.87745
0.222	3.87482
0.223	3.87515
0.224	3.87663
0.225	3.8786
0.226	3.87646
0.227	3.87893
0.228	3.87679
0.229	3.87696
0.23	3.87548
0.231	3.87795
0.232	3.87778
0.233	3.8763
0.234	3.87416
0.235	3.87795
0.236	3.87597
0.237	3.87564
0.238	3.87778
0.239	3.87515
0.24	3.87465
0.241	3.8786
0.242	3.87778
0.243	3.87893
0.244	3.87745
0.245	3.8758
0.246	3.87663
0.247	3.87745
0.248	3.8758
0.249	3.87531
0.25	3.87745
0.251	3.87613
0.252	3.87696
0.253	3.87959
0.254	3.87663
0.255	3.87482
0.256	3.8763
0.257	3.87366
0.258	3.87696
0.259	3.8758
0.26	3.87762
0.261	3.87762
0.262	3.87663
0.263	3.87646
0.264	3.87811
0.265	3.87778
0.266	3.8763
0.267	3.87877
0.268	3.87828
0.269	3.87762
0.27	3.87613
0.271	3.87729
0.272	3.87399
0.273	3.87613
0.274	3.87762
0.275	3.87646
0.276	3.87893
0.277	3.8763
0.278	3.87729
0.279	3.87613
0.28	3.87482
0.281	3.87564
0.282	3.87597
0.283	3.87679
0.284	3.87712
0.285	3.87482
0.286	3.87515
0.287	3.87482
0.288	3.87548
0.289	3.87498
0.29	3.87712
0.291	3.87548
0.292	3.8758
0.293	3.87663
0.294	3.87564
0.295	3.87515
0.296	3.87564
0.297	3.8758
0.298	3.87416
0.299	3.87515
0.3	3.87482
0.301	3.87745
0.302	3.8763
0.303	3.87548
0.304	3.87745
0.305	3.87729
0.306	3.87646
0.307	3.87811
0.308	3.87778
0.309	3.87564
0.31	3.87745
0.311	3.87548
0.312	3.87712
0.313	3.87515
0.314	3.8758
0.315	3.87729
0.316	3.87597
0.317	3.87646
0.318	3.87943
0.319	3.87795
0.32	3.87778
0.321	3.87729
0.322	3.87729
0.323	3.8786
0.324	3.87646
0.325	3.8758
0.326	3.87679
0.327	3.8758
0.328	3.87729
0.329	3.8786
0.33	3.87778
0.331	3.87531
0.332	3.87531
0.333	3.87548
0.334	3.87548
0.335	3.8786
0.336	3.8758
0.337	3.87712
0.338	3.8758
0.339	3.87564
0.34	3.87679
0.341	3.87828
0.342	3.87679
0.343	3.87564
0.344	3.87515
0.345	3.87251
0.346	3.87828
0.347	3.87712
0.348	3.87449
0.349	3.87646
0.35	3.87844
0.351	3.87597
0.352	3.87778
0.353	3.87745
0.354	3.87696
0.355	3.8786
0.356	3.87663
0.357	3.87663
0.358	3.87646
0.359	3.8763
0.36	3.87531
0.361	3.8758
0.362	3.87646
0.363	3.87712
0.364	3.87696
0.365	3.87482
0.366	3.87795
0.367	3.8758
0.368	3.87795
0.369	3.87482
0.37	3.87515
0.371	3.8758
0.372	3.87498
0.373	3.87646
0.374	3.8758
0.375	3.87811
0.376	3.87778
0.377	3.87762
0.378	3.87597
0.379	3.87646
0.38	3.87696
0.381	3.87778
0.382	3.87778
0.383	3.87696
0.384	3.8758
0.385	3.87663
0.386	3.87646
0.387	3.87515
0.388	3.87679
0.389	3.87712
0.39	3.87548
0.391	3.87613
0.392	3.87745
0.393	3.87548
0.394	3.87498
0.395	3.87646
0.396	3.87844
0.397	3.87531
0.398	3.87893
0.399	3.87597
0.4	3.8758
0.401	3.8758
0.402	3.87696
0.403	3.8758
0.404	3.8735
0.405	3.87597
0.406	3.87745
0.407	3.87811
0.408	3.87844
0.409	3.87712
0.41	3.87416
0.411	3.87515
0.412	3.8786
0.413	3.87597
0.414	3.87515
0.415	3.8758
0.416	3.87762
0.417	3.87597
0.418	3.8758
0.419	3.87515
0.42	3.87795
0.421	3.8763
0.422	3.87613
0.423	3.87317
0.424	3.87646
0.425	3.87399
0.426	3.87844
0.427	3.87729
0.428	3.8758
0.429	3.87531
0.43	3.87778
0.431	3.87778
0.432	3.8763
0.433	3.87498
0.434	3.87531
0.435	3.87564
0.436	3.87712
0.437	3.87482
0.438	3.87663
0.439	3.87745
0.44	3.8763
0.441	3.87795
0.442	3.87548
0.443	3.87976
0.444	3.87548
0.445	3.87663
0.446	3.87597
0.447	3.87696
0.448	3.8758
0.449	3.87679
0.45	3.87712
0.451	3.87745
0.452	3.88009
0.453	3.8763
0.454	3.87564
0.455	3.87515
0.456	3.8763
0.457	3.87515
0.458	3.87597
0.459	3.87778
0.46	3.87811
0.461	3.87564
0.462	3.87712
0.463	3.87679
0.464	3.87745
0.465	3.8786
0.466	3.87729
0.467	3.87515
0.468	3.87383
0.469	3.87712
0.47	3.87646
0.471	3.87646
0.472	3.8763
0.473	3.8763
0.474	3.87729
0.475	3.87745
0.476	3.87828
0.477	3.87729
0.478	3.87811
0.479	3.87663
0.48	3.87729
0.481	3.87679
0.482	3.87679
0.483	3.87712
0.484	3.87663
0.485	3.87844
0.486	3.87762
0.487	3.87795
0.488	3.87399
0.489	3.87679
0.49	3.87482
0.491	3.87564
0.492	3.87482
0.493	3.87531
0.494	3.87745
0.495	3.87333
0.496	3.87828
0.497	3.8758
0.498	3.87745
0.499	3.8763
0.5	4.48274
0.501	4.48225
0.502	4.48225
0.503	4.4834
0.504	4.19517
0.505	4.05072
0.506	4.23782
0.507	4.16453
0.508	3.99489
0.509	3.70056
0.51	3.74552
0.511	3.8567
0.512	3.77155
0.513	3.57077
0.514	3.61129
0.515	3.80795
0.516	3.98402
0.517	4.00691
0.518	3.78934
0.519	3.69562
0.52	3.76199
0.521	3.79905
0.522	3.77698
0.523	3.75145
0.524	3.75079
0.525	3.96211
0.526	4.013
0.527	3.86477
0.528	3.89771
0.529	4.01037
0.53	4.04512
0.531	4.0914
0.532	4.03804
0.533	4.02997
0.534	3.94004
0.535	3.84484
0.536	3.79609
0.537	3.81124
0.538	3.82969
0.539	3.79955
0.54	3.77945
0.541	3.74948
0.542	3.75014
0.543	3.79559
0.544	3.82458
0.545	3.84253
0.546	3.82211
0.547	3.85406
0.548	4.00378
0.549	3.99917
0.55	3.94663
0.551	3.91995
0.552	3.90924
0.553	3.94959
0.554	3.94778
0.555	3.96359
0.556	3.94202
0.557	3.87548
0.558	3.82063
0.559	3.78901
0.56	3.79757
0.561	3.81223
0.562	3.81042
0.563	3.81766
0.564	3.83315
0.565	3.82903
0.566	3.8399
0.567	3.86773
0.568	3.90809
0.569	3.92851
0.57	3.94037
0.571	3.93675
0.572	3.93016
0.573	3.9234
0.574	3.91286
0.575	3.90463
0.576	3.89656
0.577	3.88206
0.578	3.86362
0.579	3.83529
0.58	3.82623
0.581	3.81865
0.582	3.82409
0.583	3.83661
0.584	3.85225
0.585	3.86246
0.586	3.86856
0.587	3.87366
0.588	3.88668
0.589	3.90545
0.59	3.9155
0.591	3.92225
0.592	3.91632
0.593	3.90809
0.594	3.89442
0.595	3.88931
0.596	3.88223
0.597	3.87268
0.598	3.86493
0.599	3.8539
0.6	3.84533
0.601	3.84665
0.602	3.84303
0.603	3.84929
0.604	3.85538
0.605	3.86345
0.606	3.87498
0.607	3.88108
0.608	3.88766
0.609	3.89046
0.61	3.89524
0.611	3.90216
0.612	3.90216
0.613	3.90117
0.614	3.8954
0.615	3.88931
0.616	3.88272
0.617	3.87679
0.618	3.86889
0.619	3.86609
0.62	3.86115
0.621	3.85752
0.622	3.85472
0.623	3.85686
0.624	3.86032
0.625	3.86148
0.626	3.87037
0.627	3.87564
0.628	3.88519
0.629	3.89096
0.63	3.89063
0.631	3.89573
0.632	3.89409
0.633	3.8898
0.634	3.89293
0.635	3.88684
0.636	3.88371
0.637	3.87712
0.638	3.86773
0.639	3.86724
0.64	3.86411
0.641	3.85884
0.642	3.85933
0.643	3.85983
0.644	3.86345
0.645	3.87136
0.646	3.87185
0.647	3.87696
0.648	3.88124
0.649	3.88536
0.65	3.89129
0.651	3.89326
0.652	3.8959
0.653	3.89096
0.654	3.8875
0.655	3.88091
0.656	3.88042
0.657	3.87844
0.658	3.87086
0.659	3.8679
0.66	3.86263
0.661	3.86263
0.662	3.86362
0.663	3.86378
0.664	3.86839
0.665	3.86823
0.666	3.87235
0.667	3.88058
0.668	3.88256
0.669	3.88602
0.67	3.88898
0.671	3.88668
0.672	3.88964
0.673	3.88964
0.674	3.88437
0.675	3.88272
0.676	3.8791
0.677	3.87185
0.678	3.87399
0.679	3.86823
0.68	3.8646
0.681	3.86378
0.682	3.86395
0.683	3.86839
0.684	3.87136
0.685	3.8735
0.686	3.87515
0.687	3.87992
0.688	3.88042
0.689	3.88486
0.69	3.88766
0.691	3.88602
0.692	3.88569
0.693	3.88239
0.694	3.87811
0.695	3.87795
0.696	3.87531
0.697	3.87103
0.698	3.87449
0.699	3.86922
0.7	3.87086
0.701	3.86922
0.702	3.86839
0.703	3.87284
0.704	3.87268
0.705	3.87531
0.706	3.8786
0.707	3.88009
0.708	3.88305
0.709	3.88305
0.71	3.88173
0.711	3.88206
0.712	3.88009
0.713	3.88009
0.714	3.87762
0.715	3.87531
0.716	3.87383
0.717	3.86938
0.718	3.87185
0.719	3.87136
0.72	3.86955
0.721	3.87053
0.722	3.87284
0.723	3.873
0.724	3.87745
0.725	3.87548
0.726	3.87729
0.727	3.87959
0.728	3.88025
0.729	3.88009
0.73	3.88091
0.731	3.88157
0.732	3.87745
0.733	3.87515
0.734	3.87548
0.735	3.87531
0.736	3.87251
0.737	3.87432
0.738	3.87103
0.739	3.87449
0.74	3.87268
0.741	3.87531
0.742	3.8735
0.743	3.8758
0.744	3.87795
0.745	3.87745
0.746	3.87844
0.747	3.87762
0.748	3.87696
0.749	3.87844
0.75	3.87729
0.751	3.87811
0.752	3.87778
0.753	3.87679
0.754	3.87811
0.755	3.87465
0.756	3.87399
0.757	3.87482
0.758	3.87465
0.759	3.8758
0.76	3.87449
0.761	3.87548
0.762	3.87663
0.763	3.87877
0.764	3.8786
0.765	3.74404
0.766	4.07312
0.767	4.20669
0.768	3.86065
0.769	3.55266
0.77	3.76035
0.771	3.97512
0.772	3.89063
0.773	3.80712
0.774	3.74882
0.775	4.01366
0.776	4.08893
0.777	3.81585
0.778	3.58955
0.779	3.69167
0.78	3.88124
0.781	3.90809
0.782	3.81948
0.783	3.81239
0.784	3.96392
0.785	3.97792
0.786	3.86592
0.787	3.81717
0.788	3.88388
0.789	3.95239
0.79	3.93707
0.791	3.93477
0.792	3.94399
0.793	3.9407
0.794	3.8763
0.795	3.84863
0.796	3.8567
0.797	3.86806
0.798	3.84171
0.799	3.82919
0.8	3.82475
0.801	3.82672
0.802	3.8287
0.803	3.84665
0.804	3.87152
0.805	3.87762
0.806	3.88569
0.807	3.89228
0.808	3.90002
0.809	3.90957
0.81	3.91369
0.811	3.91072
0.812	3.92011
0.813	3.90364
0.814	3.88898
0.815	3.87943
0.816	3.86148
0.817	3.85373
0.818	3.8455
0.819	3.84879
0.82	3.85159
0.821	3.84336
0.822	3.84599
0.823	3.85538
0.824	3.8646
0.825	3.88124
0.826	3.89195
0.827	3.89277
0.828	3.89623
0.829	3.89046
0.83	3.89771
0.831	3.90562
0.832	3.9071
0.833	3.89491
0.834	3.88305
0.835	3.87185
0.836	3.86609
0.837	3.86246
0.838	3.86016
0.839	3.85868
0.84	3.85522
0.841	3.85357
0.842	3.85999
0.843	3.8674
0.844	3.8651
0.845	3.87383
0.846	3.88075
0.847	3.88915
0.848	3.89722
0.849	3.89853
0.85	3.89623
0.851	3.89112
0.852	3.8847
0.853	3.88569
0.854	3.88108
0.855	3.87482
0.856	3.86955
0.857	3.8623
0.858	3.85999
0.859	3.85999
0.86	3.86148
0.861	3.86213
0.862	3.86296
0.863	3.86823
0.864	3.87712
0.865	3.88338
0.866	3.88486
0.867	3.887
0.868	3.88717
0.869	3.89063
0.87	3.89178
0.871	3.89079
0.872	3.88437
0.873	3.88289
0.874	3.87564
0.875	3.87268
0.876	3.87268
0.877	3.86625
0.878	3.86428
0.879	3.86526
0.88	3.86246
0.881	3.86691
0.882	3.8707
0.883	3.87053
0.884	3.87646
0.885	3.87663
0.886	3.88223
0.887	3.88635
0.888	3.88618
0.889	3.88618
0.89	3.88157
0.891	3.88322
0.892	3.8819
0.893	3.88453
0.894	3.87893
0.895	3.87399
0.896	3.87004
0.897	3.87103
0.898	3.87053
0.899	3.8674
0.9	3.8707
0.901	3.87037
0.902	3.86889
0.903	3.87416
0.904	3.8786
0.905	3.87976
0.906	3.88108
0.907	3.88042
0.908	3.88355
0.909	3.88602
0.91	3.88355
0.911	3.87976
0.912	3.87811
0.913	3.87548
0.914	3.87745
0.915	3.87597
0.916	3.87548
0.917	3.87268
0.918	3.86856
0.919	3.86922
0.92	3.87202
0.921	3.87432
0.922	3.8735
0.923	3.87465
0.924	3.87268
0.925	3.87762
0.926	3.8786
0.927	3.88173
0.928	3.88239
0.929	3.88009
0.93	3.88042
0.931	3.88091
0.932	3.87992
0.933	3.87893
0.934	3.87795
0.935	3.87333
0.936	3.87729
0.937	3.87663
0.938	3.87399
0.939	3.8735
0.94	3.8735
0.941	3.87366
0.942	3.87284
0.943	3.87449
0.944	3.87548
0.945	3.87712
0.946	3.8763
0.947	3.87943
0.948	3.88256
0.949	3.88124
0.95	3.88124
0.951	3.87762
0.952	3.87729
0.953	3.88009
0.954	3.87762
0.955	4.48389
0.956	4.21971
0.957	3.82211
0.958	3.85406
0.959	3.5907
0.96	3.64818
0.961	4.08712
0.962	3.96936
0.963	3.68673
0.964	3.76331
0.965	3.76183
0.966	4.02256
0.967	4.10623
0.968	3.85044
0.969	3.72988
0.97	3.79872
0.971	3.83084
0.972	3.92571
0.973	3.91945
0.974	3.94267
0.975	4.01218
0.976	3.93642
0.977	3.80515
0.978	3.80399
0.979	3.89096
0.98	3.92143
0.981	3.91204
0.982	3.87202
0.983	3.85505
0.984	3.85423
0.985	3.82738
0.986	3.80366
0.987	3.86411
0.988	3.89689
0.989	3.90166
0.99	3.88536
0.991	3.87679
0.992	3.87795
0.993	3.87646
0.994	3.89606
0.995	3.9206
0.996	3.9066
0.997	3.901
0.998	3.8847
0.999	3.86971
