Time - Voltage	Amplitude - Voltage
25.575544	0.00149434
25.575548	0.00363235
25.575552	1.42E-05
25.575556	0.00198772
25.57556	0.00116541
25.575564	0.00231665
25.575568	0.00017864
25.575572	0.00544143
25.575576	0.00100095
25.57558	0.00281004
25.575584	0.0016588
25.575588	0.00182326
25.575592	0.0016588
25.575596	0.000672026
25.5756	0.00511251
25.575604	0.00116541
25.575608	0.0029745
25.575612	0.0016588
25.575616	0.00198772
25.57562	0.00182326
25.575624	0.00198772
25.575628	0.00396127
25.575632	0.00182326
25.575636	0.00313896
25.57564	0.00313896
25.575644	0.00248111
25.575648	0.00281004
25.575652	0.00231665
25.575656	0.000672026
25.57566	0.00527697
25.575664	0.00100095
25.575668	0.00132988
25.575672	0.00116541
25.575676	0.00149434
25.57568	0.00215219
25.575684	0.204441
25.575688	0.207072
25.575692	0.205099
25.575696	0.204276
25.5757	0.204934
25.575704	0.204112
25.575708	0.204605
25.575712	0.204441
25.575716	0.202961
25.57572	0.207237
25.575724	0.203125
25.575728	0.206085
25.575732	0.204934
25.575736	0.205592
25.57574	0.205099
25.575744	0.203125
25.575748	0.207566
25.575752	0.203125
25.575756	0.203947
25.57576	0.203618
25.575764	0.204112
25.575768	0.204112
25.575772	0.20477
25.575776	0.206743
25.57578	0.20477
25.575784	0.204441
25.575788	0.205428
25.575792	0.204605
25.575796	0.205099
25.5758	0.204441
25.575804	0.203289
25.575808	0.207237
25.575812	0.203125
25.575816	0.205921
25.57582	0.20477
25.575824	0.205263
25.575828	0.20477
25.575832	0.204934
25.575836	0.206579
25.57584	0.203947
25.575844	0.20477
25.575848	0.205263
25.575852	0.205263
25.575856	0.205756
25.57586	0.205263
25.575864	0.203618
25.575868	0.205921
25.575872	0.201809
25.575876	0.204276
25.57588	0.203783
25.575884	0.20477
25.575888	0.204441
25.575892	0.202796
25.575896	0.207401
25.5759	0.202796
25.575904	0.205921
25.575908	0.20477
25.575912	0.205099
25.575916	0.20477
25.57592	0.202961
25.575924	0.20773
25.575928	0.202796
25.575932	0.203947
25.575936	0.203947
25.57594	0.203947
25.575944	0.204605
25.575948	0.202961
25.575952	0.207401
25.575956	0.202632
25.57596	0.204441
25.575964	0.203618
25.575968	0.204112
25.575972	0.204276
25.575976	0.203125
25.57598	0.207072
25.575984	0.202796
25.575988	0.205921
25.575992	0.204934
25.575996	0.205592
25.576	0.205099
25.576004	0.203125
25.576008	0.206414
25.576012	0.202138
25.576016	0.204934
25.57602	0.203947
25.576024	0.205263
25.576028	0.204934
25.576032	0.206579
25.576036	0.20477
25.57604	0.204934
25.576044	0.205263
25.576048	0.204441
25.576052	0.205099
25.576056	0.202961
25.57606	0.207566
25.576064	0.202961
25.576068	0.203947
25.576072	0.203454
25.576076	0.203783
25.57608	0.203783
25.576084	0.203125
25.576088	0.207237
25.576092	0.203289
25.576096	0.206085
25.5761	0.204605
25.576104	0.205592
25.576108	0.205099
25.576112	0.206085
25.576116	0.20625
25.57612	0.202138
25.576124	0.204605
25.576128	0.203289
25.576132	0.204112
25.576136	0.204276
25.57614	0.20625
25.576144	0.204605
25.576148	0.204934
25.576152	0.205921
25.576156	0.204605
25.57616	0.20477
25.576164	0.202632
25.576168	0.20773
25.576172	0.203454
25.576176	0.204441
25.57618	0.203783
25.576184	0.203947
25.576188	0.204112
25.576192	0.206743
25.576196	0.205263
25.5762	0.203454
25.576204	0.205099
25.576208	0.203618
25.576212	0.204112
25.576216	0.202796
25.57622	0.206908
25.576224	0.203454
25.576228	0.206085
25.576232	0.205263
25.576236	0.205756
25.57624	0.202467
25.576244	0.207401
25.576248	0.203289
25.576252	0.205921
25.576256	0.204605
25.57626	0.204934
25.576264	0.203125
25.576268	0.207237
25.576272	0.203289
25.576276	0.206085
25.57628	0.204605
25.576284	0.205099
25.576288	0.202961
25.576292	0.206414
25.576296	0.203125
25.5763	0.205592
25.576304	0.204605
25.576308	0.205428
25.576312	0.206414
25.576316	0.205592
25.57632	0.202796
25.576324	0.204441
25.576328	0.203289
25.576332	0.204112
25.576336	0.202961
25.57634	0.207072
25.576344	0.203125
25.576348	0.20625
25.576352	0.204605
25.576356	0.205263
25.57636	0.202303
25.576364	0.207566
25.576368	0.203618
25.576372	0.203947
25.576376	0.203947
25.57638	0.203783
25.576384	0.204112
25.576388	0.206085
25.576392	0.205263
25.576396	0.202796
25.5764	0.204605
25.576404	0.203454
25.576408	0.204112
25.576412	0.202138
25.576416	0.207401
25.57642	0.203125
25.576424	0.204112
25.576428	0.203618
25.576432	0.204276
25.576436	0.204441
25.57644	0.202796
25.576444	0.20773
25.576448	0.203125
25.576452	0.205592
25.576456	0.204605
25.57646	0.204934
25.576464	0.204441
25.576468	0.203125
25.576472	0.207566
25.576476	0.203125
25.57648	0.205921
25.576484	0.205099
25.576488	0.205263
25.576492	0.20477
25.576496	0.202796
25.5765	0.206579
25.576504	0.202796
25.576508	0.205921
25.576512	0.205099
25.576516	0.205921
25.57652	0.205263
25.576524	0.206085
25.576528	0.205592
25.576532	0.202303
25.576536	0.204441
25.57654	0.203454
25.576544	0.204112
25.576548	0.204112
25.576552	0.20625
25.576556	0.204441
25.57656	0.205099
25.576564	0.205756
25.576568	0.204934
25.576572	0.205099
25.576576	0.20477
25.57658	0.206414
25.576584	0.205099
25.576588	0.202796
25.576592	0.20477
25.576596	0.203783
25.5766	0.204276
25.576604	0.204276
25.576608	0.203125
25.576612	0.207237
25.576616	0.203125
25.57662	0.206085
25.576624	0.205263
25.576628	0.205592
25.576632	0.205263
25.576636	0.202467
25.57664	0.207072
25.576644	0.203454
25.576648	0.203783
25.576652	0.204112
25.576656	0.204605
25.57666	0.204605
25.576664	0.20477
25.576668	0.205756
25.576672	0.205756
25.576676	0.202467
25.57668	0.204276
25.576684	0.203618
25.576688	0.204112
25.576692	0.204276
25.576696	0.202961
25.5767	0.207401
25.576704	0.202961
25.576708	0.20625
25.576712	0.204934
25.576716	0.205099
25.57672	0.20477
25.576724	0.202467
25.576728	0.206743
25.576732	0.203618
25.576736	0.204441
25.57674	0.204934
25.576744	0.205099
25.576748	0.205263
25.576752	0.205099
25.576756	0.206414
25.57676	0.205263
25.576764	0.203289
25.576768	0.204441
25.576772	0.203783
25.576776	0.204441
25.57678	0.203783
25.576784	0.202796
25.576788	0.207401
25.576792	0.203125
25.576796	0.20625
25.5768	0.205099
25.576804	0.205099
25.576808	0.20477
25.576812	0.204441
25.576816	0.206414
25.57682	0.203947
25.576824	0.205428
25.576828	0.206085
25.576832	0.205263
25.576836	0.205428
25.57684	0.20477
25.576844	0.202796
25.576848	0.206414
25.576852	0.202632
25.576856	0.206085
25.57686	0.20477
25.576864	0.205428
25.576868	0.205099
25.576872	0.202632
25.576876	0.207401
25.57688	0.203125
25.576884	0.204441
25.576888	0.203618
25.576892	0.204276
25.576896	0.203947
25.5769	0.203947
25.576904	0.206579
25.576908	0.203947
25.576912	0.205099
25.576916	0.206085
25.57692	0.205428
25.576924	0.205592
25.576928	0.204112
25.576932	0.206579
25.576936	0.203783
25.57694	0.205263
25.576944	0.205756
25.576948	0.205099
25.576952	0.205263
25.576956	0.202138
25.57696	0.207072
25.576964	0.203618
25.576968	0.203783
25.576972	0.204441
25.576976	0.204605
25.57698	0.204605
25.576984	0.202632
25.576988	0.207401
25.576992	0.203125
25.576996	0.205099
25.577	0.204112
25.577004	0.204441
25.577008	0.203783
25.577012	0.202632
25.577016	0.207072
25.57702	0.203125
25.577024	0.206414
25.577028	0.205263
25.577032	0.205592
25.577036	0.205428
25.57704	0.20625
25.577044	0.205099
25.577048	0.203125
25.577052	0.204605
25.577056	0.203783
25.57706	0.204441
25.577064	0.201809
25.577068	0.206908
25.577072	0.203289
25.577076	0.204441
25.57708	0.204441
25.577084	0.20477
25.577088	0.205099
25.577092	0.202796
25.577096	0.207237
25.5771	0.203125
25.577104	0.205592
25.577108	0.204441
25.577112	0.20477
25.577116	0.204605
25.57712	0.202961
25.577124	0.207237
25.577128	0.203289
25.577132	0.206085
25.577136	0.205099
25.57714	0.205592
25.577144	0.204934
25.577148	0.203125
25.577152	0.206579
25.577156	0.202138
25.57716	0.204934
25.577164	0.204605
25.577168	0.205099
25.577172	0.20477
25.577176	0.207072
25.57718	0.203783
25.577184	0.205263
25.577188	0.205592
25.577192	0.205099
25.577196	0.205592
25.5772	0.202961
25.577204	0.206579
25.577208	0.202961
25.577212	0.205592
25.577216	0.20477
25.57722	0.205263
25.577224	0.202796
25.577228	0.20773
25.577232	0.203289
25.577236	0.204441
25.57724	0.203454
25.577244	0.203947
25.577248	0.201809
25.577252	0.207072
25.577256	0.203618
25.57726	0.20477
25.577264	0.204934
25.577268	0.204934
25.577272	0.201809
25.577276	0.206908
25.57728	0.203289
25.577284	0.20477
25.577288	0.205263
25.577292	0.204934
25.577296	0.205263
25.5773	0.206579
25.577304	0.204934
25.577308	0.203947
25.577312	0.205263
25.577316	0.204276
25.57732	0.204112
25.577324	0.202467
25.577328	0.206579
25.577332	0.203618
25.577336	0.204605
25.57734	0.205099
25.577344	0.205099
25.577348	0.205099
25.577352	0.20477
25.577356	0.206414
25.57736	0.204276
25.577364	0.204605
25.577368	0.205921
25.577372	0.204605
25.577376	0.20477
25.57738	0.202632
25.577384	0.206743
25.577388	0.202796
25.577392	0.205921
25.577396	0.205099
25.5774	0.205592
25.577404	0.202467
25.577408	0.207401
25.577412	0.202632
25.577416	0.203783
25.57742	0.203454
25.577424	0.204276
25.577428	0.204112
25.577432	0.202796
25.577436	0.207072
25.57744	0.202632
25.577444	0.206085
25.577448	0.20477
25.577452	0.205428
25.577456	0.205263
25.57746	0.202961
25.577464	0.20625
25.577468	0.202796
25.577472	0.205263
25.577476	0.204441
25.57748	0.20477
25.577484	0.204934
25.577488	0.203125
25.577492	0.207401
25.577496	0.203125
25.5775	0.203947
25.577504	0.203454
25.577508	0.203783
25.577512	0.203783
25.577516	0.204112
25.57752	0.206414
25.577524	0.204112
25.577528	0.204112
25.577532	0.204934
25.577536	0.204112
25.57754	0.204441
25.577544	0.204276
25.577548	0.202796
25.577552	0.207072
25.577556	0.202961
25.57756	0.205756
25.577564	0.205099
25.577568	0.205263
25.577572	0.204934
25.577576	0.203125
25.57758	0.207072
25.577584	0.202632
25.577588	0.205263
25.577592	0.203947
25.577596	0.204441
25.5776	0.204276
25.577604	0.202632
25.577608	0.206414
25.577612	0.202303
25.577616	0.205428
25.57762	0.204605
25.577624	0.205263
25.577628	0.205099
25.577632	0.202961
25.577636	0.207072
25.57764	0.202796
25.577644	0.205756
25.577648	0.204441
25.577652	0.204934
25.577656	0.20477
25.57766	0.204441
25.577664	0.206085
25.577668	0.203947
25.577672	0.20477
25.577676	0.205428
25.57768	0.204605
25.577684	0.205099
25.577688	0.204605
25.577692	0.202796
25.577696	0.207072
25.5777	0.202796
25.577704	0.205428
25.577708	0.204112
25.577712	0.204605
25.577716	0.204441
25.57772	0.203783
25.577724	0.20625
25.577728	0.203783
25.577732	0.204605
25.577736	0.205592
25.57774	0.204934
25.577744	0.204934
25.577748	0.204934
25.577752	0.204605
25.577756	0.205592
25.57776	0.201809
25.577764	0.204441
25.577768	0.203125
25.577772	0.203947
25.577776	0.203947
25.57778	0.202467
25.577784	0.207072
25.577788	0.202632
25.577792	0.204934
25.577796	0.203783
25.5778	0.203947
25.577804	0.203783
25.577808	0.203783
25.577812	0.206085
25.577816	0.204112
25.57782	0.20477
25.577824	0.205756
25.577828	0.20477
25.577832	0.20477
25.577836	0.20477
25.57784	0.202467
25.577844	0.206579
25.577848	0.202796
25.577852	0.205921
25.577856	0.204934
25.57786	0.205428
25.577864	0.205099
25.577868	0.202467
25.577872	0.206414
25.577876	0.203289
25.57788	0.204112
25.577884	0.205099
25.577888	0.204605
25.577892	0.20477
25.577896	0.204605
25.5779	0.206085
25.577904	0.205099
25.577908	0.202632
25.577912	0.204441
25.577916	0.203454
25.57792	0.203618
25.577924	0.203618
25.577928	0.20625
25.577932	0.203947
25.577936	0.20477
25.57794	0.205263
25.577944	0.20477
25.577948	0.204605
25.577952	0.203947
25.577956	0.206414
25.57796	0.203618
25.577964	0.20477
25.577968	0.205263
25.577972	0.205099
25.577976	0.205263
25.57798	0.201809
25.577984	0.207237
25.577988	0.202961
25.577992	0.203618
25.577996	0.203947
25.578	0.204112
25.578004	0.204441
25.578008	0.202467
25.578012	0.207401
25.578016	0.202961
25.57802	0.204605
25.578024	0.203454
25.578028	0.203947
25.578032	0.203783
25.578036	0.202796
25.57804	0.206414
25.578044	0.202796
25.578048	0.206085
25.578052	0.20477
25.578056	0.205428
25.57806	0.204934
25.578064	0.206085
25.578068	0.204441
25.578072	0.204441
25.578076	0.205428
25.57808	0.204276
25.578084	0.204441
25.578088	0.202303
25.578092	0.207072
25.578096	0.202961
25.5781	0.203783
25.578104	0.203454
25.578108	0.203947
25.578112	0.204441
25.578116	0.202467
25.57812	0.207237
25.578124	0.203125
25.578128	0.205428
25.578132	0.204441
25.578136	0.20477
25.57814	0.204276
25.578144	0.205263
25.578148	0.205263
25.578152	0.201974
25.578156	0.204276
25.57816	0.203454
25.578164	0.204112
25.578168	0.203947
25.578172	0.206414
25.578176	0.204441
25.57818	0.204441
25.578184	0.205428
25.578188	0.204276
25.578192	0.204441
25.578196	0.202961
25.5782	0.207237
25.578204	0.203454
25.578208	0.204934
25.578212	0.203947
25.578216	0.203947
25.57822	0.203783
25.578224	0.206908
25.578228	0.203783
25.578232	0.204934
25.578236	0.205592
25.57824	0.204605
25.578244	0.205099
25.578248	0.206414
25.578252	0.204605
25.578256	0.204605
25.57826	0.204934
25.578264	0.204276
25.578268	0.204112
25.578272	0.20625
25.578276	0.204441
25.57828	0.204605
25.578284	0.205263
25.578288	0.204112
25.578292	0.202796
25.578296	0.206414
25.5783	0.203454
25.578304	0.204934
25.578308	0.205428
25.578312	0.205263
25.578316	0.202961
25.57832	0.207237
25.578324	0.203125
25.578328	0.203783
25.578332	0.203454
25.578336	0.203783
25.57834	0.201809
25.578344	0.206743
25.578348	0.203618
25.578352	0.204276
25.578356	0.204605
25.57836	0.20477
25.578364	0.20477
25.578368	0.203454
25.578372	0.205921
25.578376	0.203125
25.57838	0.205099
25.578384	0.204934
25.578388	0.205099
25.578392	0.202138
25.578396	0.206908
25.5784	0.203289
25.578404	0.204605
25.578408	0.204441
25.578412	0.204441
25.578416	0.204934
25.57842	0.203783
25.578424	0.205263
25.578428	0.202467
25.578432	0.203947
25.578436	0.204112
25.57844	0.204112
25.578444	0.204441
25.578448	0.206743
25.578452	0.204276
25.578456	0.205099
25.57846	0.205099
25.578464	0.204605
25.578468	0.204441
25.578472	0.204112
25.578476	0.206414
25.57848	0.204112
25.578484	0.205756
25.578488	0.205592
25.578492	0.205099
25.578496	0.20477
25.5785	0.202632
25.578504	0.206085
25.578508	0.203947
25.578512	0.204441
25.578516	0.204934
25.57852	0.204934
25.578524	0.204605
25.578528	0.202303
25.578532	0.205756
25.578536	0.204276
25.57854	0.204441
25.578544	0.204605
25.578548	0.20477
25.578552	0.204605
25.578556	0.205099
25.57856	0.20625
25.578564	0.204605
25.578568	0.205756
25.578572	0.205428
25.578576	0.205428
25.57858	0.204934
25.578584	0.20477
25.578588	0.206579
25.578592	0.204605
25.578596	0.205592
25.5786	0.205428
25.578604	0.205428
25.578608	0.204934
25.578612	0.204441
25.578616	0.206743
25.57862	0.204605
25.578624	0.205263
25.578628	0.205099
25.578632	0.204605
25.578636	0.204605
25.57864	0.204112
25.578644	0.20477
25.578648	0.204441
25.578652	0.202961
25.578656	0.204112
25.57866	0.204112
25.578664	0.204276
25.578668	0.204441
25.578672	0.203618
25.578676	0.204605
25.57868	0.20477
25.578684	0.204441
25.578688	0.204112
25.578692	0.203947
25.578696	0.203947
25.5787	0.203783
25.578704	0.207566
25.578708	0.204441
25.578712	0.205099
25.578716	0.204605
25.57872	0.204112
25.578724	0.204605
25.578728	0.204112
25.578732	0.203947
25.578736	0.204441
25.57874	0.204605
25.578744	0.205756
25.578748	0.205592
25.578752	0.205263
25.578756	0.205263
25.57876	0.202467
25.578764	0.205592
25.578768	0.20477
25.578772	0.204112
25.578776	0.20477
25.57878	0.204441
25.578784	0.205099
25.578788	0.204934
25.578792	0.207401
25.578796	0.204605
25.5788	0.203783
25.578804	0.204112
25.578808	0.203947
25.578812	0.203783
25.578816	0.203947
25.57882	0.204112
25.578824	0.20477
25.578828	0.204605
25.578832	0.205756
25.578836	0.205592
25.57884	0.205099
25.578844	0.205099
25.578848	0.202961
25.578852	0.205099
25.578856	0.20477
25.57886	0.204441
25.578864	0.204441
25.578868	0.204605
25.578872	0.20477
25.578876	0.205099
25.57888	0.207401
25.578884	0.204441
25.578888	0.204112
25.578892	0.204112
25.578896	0.204112
25.5789	0.203783
25.578904	0.203783
25.578908	0.204276
25.578912	0.204441
25.578916	0.204605
25.57892	0.205756
25.578924	0.205592
25.578928	0.205263
25.578932	0.205263
25.578936	0.20477
25.57894	0.204441
25.578944	0.203289
25.578948	0.204112
25.578952	0.204441
25.578956	0.204934
25.57896	0.20477
25.578964	0.207401
25.578968	0.204605
25.578972	0.20477
25.578976	0.204441
25.57898	0.204441
25.578984	0.204276
25.578988	0.203125
25.578992	0.205592
25.578996	0.20477
25.579	0.205099
25.579004	0.205263
25.579008	0.205428
25.579012	0.205099
25.579016	0.203454
25.57902	0.204934
25.579024	0.20477
25.579028	0.203947
25.579032	0.203783
25.579036	0.203783
25.57904	0.203947
25.579044	0.204112
25.579048	0.204441
25.579052	0.204276
25.579056	0.205428
25.57906	0.205099
25.579064	0.205263
25.579068	0.205263
25.579072	0.207401
25.579076	0.204441
25.57908	0.204112
25.579084	0.204112
25.579088	0.204112
25.579092	0.203783
25.579096	0.203947
25.5791	0.205756
25.579104	0.204934
25.579108	0.205428
25.579112	0.205592
25.579116	0.205592
25.57912	0.205263
25.579124	0.202796
25.579128	0.205263
25.579132	0.20477
25.579136	0.203783
25.57914	0.203947
25.579144	0.204276
25.579148	0.204605
25.579152	0.204112
25.579156	0.204441
25.57916	0.203947
25.579164	0.205428
25.579168	0.205263
25.579172	0.205263
25.579176	0.205263
25.57918	0.206743
25.579184	0.204605
25.579188	0.205099
25.579192	0.20477
25.579196	0.20477
25.5792	0.204605
25.579204	0.204441
25.579208	0.204441
25.579212	0.204441
25.579216	0.205592
25.57922	0.205099
25.579224	0.204934
25.579228	0.202961
25.579232	0.205592
25.579236	0.204934
25.57924	0.204112
25.579244	0.204441
25.579248	0.20477
25.579252	0.203783
25.579256	0.205921
25.57926	0.204605
25.579264	0.205428
25.579268	0.205428
25.579272	0.205428
25.579276	0.205263
25.57928	0.20625
25.579284	0.20477
25.579288	0.205756
25.579292	0.205428
25.579296	0.205428
25.5793	0.204934
25.579304	0.204441
25.579308	0.204605
25.579312	0.203289
25.579316	0.204605
25.57932	0.204605
25.579324	0.20477
25.579328	0.205099
25.579332	0.207237
25.579336	0.20477
25.57934	0.203454
25.579344	0.203783
25.579348	0.204112
25.579352	0.204112
25.579356	0.203947
25.57936	0.204441
25.579364	0.204605
25.579368	0.204112
25.579372	0.204934
25.579376	0.205099
25.57938	0.205099
25.579384	0.202138
25.579388	0.205428
25.579392	0.20477
25.579396	0.204112
25.5794	0.204441
25.579404	0.204605
25.579408	0.204605
25.579412	0.207401
25.579416	0.204441
25.57942	0.203783
25.579424	0.204112
25.579428	0.203947
25.579432	0.203947
25.579436	0.203783
25.57944	0.204605
25.579444	0.204934
25.579448	0.204605
25.579452	0.204112
25.579456	0.204441
25.57946	0.203947
25.579464	0.203947
25.579468	0.204605
25.579472	0.205099
25.579476	0.205592
25.57948	0.205099
25.579484	0.205099
25.579488	0.20477
25.579492	0.204441
25.579496	0.206414
25.5795	0.204441
25.579504	0.205428
25.579508	0.205921
25.579512	0.205756
25.579516	0.205756
25.57952	0.205099
25.579524	0.204112
25.579528	0.205428
25.579532	0.204441
25.579536	0.20625
25.57954	0.205756
25.579544	0.205756
25.579548	0.205428
25.579552	0.202138
25.579556	0.206579
25.57956	0.203783
25.579564	0.203947
25.579568	0.204441
25.579572	0.20477
25.579576	0.20477
25.57958	0.00231665
25.579584	0.00412573
25.579588	0.00182326
25.579592	0.00346788
25.579596	0.00379681
25.5796	0.00313896
25.579604	0.00281004
25.579608	1.42E-05
25.579612	0.00445466
25.579616	0.00149434
25.57962	0.00215219
25.579624	0.00264557
25.579628	0.00264557
25.579632	0.00281004
25.579636	0.000507564
25.57964	0.00461912
25.579644	0.00116541
25.579648	0.00132988
25.579652	0.00149434
25.579656	0.00182326
25.57966	0.00198772
25.579664	-0.000314747
25.579668	0.00461912
25.579672	0.00132988
25.579676	0.00215219
25.57968	0.00264557
25.579684	0.0029745
25.579688	0.0029745
25.579692	0.00281004
25.579696	0.000507564
25.5797	0.00445466
25.579704	0.000672026
25.579708	0.00363235
25.579712	0.00264557
25.579716	0.00330342
25.57972	0.00313896
25.579724	0.000672026
25.579728	0.00478358
25.579732	0.00132988
25.579736	0.00264557
25.57974	0.00313896
25.579744	0.0029745
25.579748	0.0029745
25.579752	0.0029745
25.579756	0.00412573
25.57976	0.00330342
25.579764	0.000343102
25.579768	0.00198772
25.579772	0.00132988
25.579776	0.00198772
25.57978	0.0016588
25.579784	0.000507564
25.579788	0.00511251
25.579792	0.00116541
25.579796	0.00363235
25.5798	0.00248111
25.579804	0.00248111
25.579808	0.00215219
25.579812	0.00182326
25.579816	0.0042902
25.57982	0.0016588
25.579824	0.0029745
25.579828	0.00363235
25.579832	0.00330342
25.579836	0.00313896
25.57984	0.00281004
25.579844	0.000836489
25.579848	0.00396127
25.579852	1.42E-05
25.579856	0.00264557
25.57986	0.00182326
25.579864	0.00248111
25.579868	0.00248111
25.579872	0.000507564
25.579876	0.00544143
25.57988	0.00116541
25.579884	0.00281004
25.579888	0.00182326
25.579892	0.00215219
25.579896	0.0016588
25.5799	-0.000314747
25.579904	0.00511251
25.579908	0.00132988
25.579912	0.00182326
25.579916	0.00215219
25.57992	0.00215219
25.579924	0.00215219
25.579928	0.00017864
25.579932	0.00527697
25.579936	0.00116541
25.57994	0.0016588
25.579944	0.00149434
25.579948	0.00182326
25.579952	0.00198772
25.579956	0.000507564
25.57996	0.00544143
25.579964	0.00116541
25.579968	0.00182326
25.579972	0.00132988
25.579976	0.00198772
25.57998	0.0016588
25.579984	0.000672026
25.579988	0.00527697
25.579992	0.00116541
25.579996	0.00363235
25.58	0.00248111
25.580004	0.00281004
25.580008	0.00198772
25.580012	0.000672026
25.580016	0.00445466
25.58002	0.000672026
25.580024	0.00379681
25.580028	0.00281004
25.580032	0.00313896
25.580036	0.00281004
25.58004	0.00461912
25.580044	0.00264557
25.580048	0.00182326
25.580052	0.00281004
25.580056	0.00198772
25.58006	0.00215219
25.580064	-0.000314747
25.580068	0.00494804
25.580072	0.00100095
25.580076	0.00198772
25.58008	0.00248111
25.580084	0.00264557
25.580088	0.00264557
25.580092	0.000507564
25.580096	0.00544143
25.5801	0.000672026
25.580104	0.0029745
25.580108	0.00198772
25.580112	0.00215219
25.580116	0.00198772
25.58012	0.000672026
25.580124	0.00527697
25.580128	0.00100095
25.580132	0.00363235
25.580136	0.00281004
25.58014	0.00313896
25.580144	0.00264557
25.580148	0.000836489
25.580152	0.0042902
25.580156	0.00017864
25.58016	0.0029745
25.580164	0.00248111
25.580168	0.00330342
25.580172	0.000507564
25.580176	0.00511251
25.58018	0.00132988
25.580184	0.00215219
25.580188	0.00281004
25.580192	0.00313896
25.580196	0.00346788
25.5802	0.000836489
25.580204	0.0042902
25.580208	0.00017864
25.580212	0.00264557
25.580216	0.00182326
25.58022	0.0029745
25.580224	0.000672026
25.580228	0.00577036
25.580232	0.000672026
25.580236	0.00215219
25.58024	0.00116541
25.580244	0.00182326
25.580248	0.00017864
25.580252	0.00527697
25.580256	0.00116541
25.58026	0.00198772
25.580264	0.00182326
25.580268	0.00248111
25.580272	0.000507564
25.580276	0.00544143
25.58028	0.00116541
25.580284	0.00182326
25.580288	0.0016588
25.580292	0.00182326
25.580296	0.000672026
25.5803	0.0042902
25.580304	0.000836489
25.580308	0.00396127
25.580312	0.00264557
25.580316	0.000836489
25.58032	0.00511251
25.580324	0.000836489
25.580328	0.00198772
25.580332	0.00132988
25.580336	0.000343102
25.58034	0.00511251
25.580344	0.00149434
25.580348	0.00281004
25.580352	0.00330342
25.580356	0.00313896
25.58036	0.000836489
25.580364	0.00478358
25.580368	0.00132988
25.580372	0.00412573
25.580376	0.00264557
25.58038	0.00330342
25.580384	0.00100095
25.580388	0.00379681
25.580392	-0.000150285
25.580396	0.00264557
25.5804	0.00149434
25.580404	0.00248111
25.580408	0.00396127
25.580412	0.00313896
25.580416	0.000343102
25.58042	0.00231665
25.580424	0.00149434
25.580428	0.00198772
25.580432	0.00379681
25.580436	0.00330342
25.58044	1.42E-05
25.580444	0.00231665
25.580448	0.00149434
25.580452	0.00215219
25.580456	0.00511251
25.58046	0.00313896
25.580464	0.00116541
25.580468	0.00248111
25.580472	0.00149434
25.580476	0.00215219
25.58048	0.000672026
25.580484	0.00478358
25.580488	0.000672026
25.580492	0.00363235
25.580496	0.00248111
25.5805	0.00313896
25.580504	0.00281004
25.580508	-0.199643
25.580512	-0.201617
25.580516	-0.203097
25.58052	-0.201781
25.580524	-0.203261
25.580528	-0.202603
25.580532	-0.202768
25.580536	-0.199807
25.58054	-0.201945
25.580544	-0.000643671
25.580548	0.00330342
25.580552	0.00198772
25.580556	0.00231665
25.58056	0.00198772
25.580564	0.00461912
25.580568	0.00182326
25.580572	0.0029745
25.580576	0.00363235
25.58058	0.0029745
25.580584	-0.201452
25.580588	-0.204248
25.580592	-0.19915
25.580596	-0.203426
25.5806	-0.202932
25.580604	-0.202932
25.580608	-0.203097
25.580612	-0.202768
25.580616	-0.203919
25.58062	0.00544143
25.580624	0.00116541
25.580628	0.0042902
25.580632	0.00281004
25.580636	0.00264557
25.58064	0.00248111
25.580644	0.00198772
25.580648	0.00412573
25.580652	0.00017864
25.580656	-0.11955
25.58066	-0.203261
25.580664	-0.202439
25.580668	-0.204906
25.580672	-0.199479
25.580676	-0.203261
25.58068	-0.202274
25.580684	-0.201945
25.580688	-0.201452
25.580692	-0.201781
25.580696	0.0029745
25.5807	0.00412573
25.580704	0.00264557
25.580708	0.00264557
25.580712	0.00346788
25.580716	0.00264557
25.58072	0.00264557
25.580724	0.00182326
25.580728	0.000672026
25.580732	0.00511251
25.580736	0.00100095
25.58074	0.00445466
25.580744	0.00330342
25.580748	0.00313896
25.580752	0.00231665
25.580756	0.0029745
25.58076	0.0042902
25.580764	0.00248111
25.580768	0.00264557
25.580772	0.00363235
25.580776	0.00231665
25.58078	0.00231665
25.580784	0.0016588
25.580788	0.000507564
25.580792	0.00511251
25.580796	0.00100095
25.5808	0.00445466
25.580804	0.0029745
25.580808	0.00313896
25.580812	0.00281004
25.580816	0.00017864
25.58082	0.00494804
25.580824	0.00132988
25.580828	0.00215219
25.580832	0.00231665
25.580836	0.00215219
25.58084	0.00231665
25.580844	0.00248111
25.580848	0.00478358
25.580852	0.00313896
25.580856	0.0016588
25.58086	0.00264557
25.580864	0.203783
25.580868	0.204276
25.580872	0.204112
25.580876	0.203289
25.58088	0.206908
25.580884	0.202632
25.580888	0.205592
25.580892	0.204441
25.580896	0.205263
25.5809	0.205099
25.580904	0.203125
25.580908	0.206579
25.580912	0.202467
25.580916	0.205099
25.58092	0.203454
25.580924	0.204441
25.580928	0.204441
25.580932	0.206085
25.580936	0.205756
25.58094	0.202796
25.580944	0.204441
25.580948	0.203618
25.580952	0.203947
25.580956	0.203947
25.58096	0.207237
25.580964	0.204112
25.580968	0.205428
25.580972	0.205921
25.580976	0.205263
25.58098	0.205428
25.580984	0.202632
25.580988	0.208059
25.580992	0.203125
25.580996	0.20477
25.581	0.204112
25.581004	0.204112
25.581008	0.204112
25.581012	0.202796
25.581016	0.207237
25.58102	0.203289
25.581024	0.206579
25.581028	0.205592
25.581032	0.205756
25.581036	0.205263
25.58104	0.202961
25.581044	0.206414
25.581048	0.202303
25.581052	0.205099
25.581056	0.204605
25.58106	0.204934
25.581064	0.204441
25.581068	0.206743
25.581072	0.205428
25.581076	0.203454
25.58108	0.205099
25.581084	0.204112
25.581088	0.204605
25.581092	0.204112
25.581096	0.206743
25.5811	0.204441
25.581104	0.205099
25.581108	0.20625
25.581112	0.205263
25.581116	0.205428
25.58112	0.202632
25.581124	0.20773
25.581128	0.203289
25.581132	0.203947
25.581136	0.204276
25.58114	0.204605
25.581144	0.204441
25.581148	0.203454
25.581152	0.206414
25.581156	0.202138
25.58116	0.204605
25.581164	0.203783
25.581168	0.205099
25.581172	0.202961
25.581176	0.207894
25.58118	0.203125
25.581184	0.205921
25.581188	0.205099
25.581192	0.205263
25.581196	0.202632
25.5812	0.207894
25.581204	0.203454
25.581208	0.204276
25.581212	0.204441
25.581216	0.204605
25.58122	0.204934
25.581224	0.207237
25.581228	0.204441
25.581232	0.205428
25.581236	0.206085
25.58124	0.205099
25.581244	0.205263
25.581248	0.206579
25.581252	0.204605
25.581256	0.205263
25.58126	0.206085
25.581264	0.20477
25.581268	0.205263
25.581272	0.202796
25.581276	0.207072
25.58128	0.202632
25.581284	0.205756
25.581288	0.204934
25.581292	0.205428
25.581296	0.205099
25.5813	0.205756
25.581304	0.205756
25.581308	0.202467
25.581312	0.204441
25.581316	0.203947
25.58132	0.204605
25.581324	0.204112
25.581328	0.202961
25.581332	0.207072
25.581336	0.202796
25.58134	0.206085
25.581344	0.205099
25.581348	0.205756
25.581352	0.205099
25.581356	0.202961
25.58136	0.207072
25.581364	0.202961
25.581368	0.206579
25.581372	0.205263
25.581376	0.205756
25.58138	0.205263
25.581384	0.203289
25.581388	0.20625
25.581392	0.202303
25.581396	0.205099
25.5814	0.204112
25.581404	0.20477
25.581408	0.204605
25.581412	0.206908
25.581416	0.20477
25.58142	0.204441
25.581424	0.205592
25.581428	0.20477
25.581432	0.204441
25.581436	0.202632
25.58144	0.207401
25.581444	0.202961
25.581448	0.206743
25.581452	0.205099
25.581456	0.205921
25.58146	0.202632
25.581464	0.207894
25.581468	0.203289
25.581472	0.204112
25.581476	0.203783
25.58148	0.204605
25.581484	0.204441
25.581488	0.203125
25.581492	0.20773
25.581496	0.203125
25.5815	0.204934
25.581504	0.204112
25.581508	0.204605
25.581512	0.204112
25.581516	0.204441
25.58152	0.20625
25.581524	0.205756
25.581528	0.202796
25.581532	0.204441
25.581536	0.203783
25.58154	0.20477
25.581544	0.204441
25.581548	0.204441
25.581552	0.206743
25.581556	0.203947
25.58156	0.205099
25.581564	0.20625
25.581568	0.205592
25.581572	0.205756
25.581576	0.205263
25.58158	0.202961
25.581584	0.207072
25.581588	0.203289
25.581592	0.206414
25.581596	0.205099
25.5816	0.206085
25.581604	0.205428
25.581608	0.202796
25.581612	0.207401
25.581616	0.203125
25.58162	0.204112
25.581624	0.203947
25.581628	0.204441
25.581632	0.204441
25.581636	0.203783
25.58164	0.206743
25.581644	0.203783
25.581648	0.205592
25.581652	0.205921
25.581656	0.205592
25.58166	0.205756
25.581664	0.205099
25.581668	0.207072
25.581672	0.204112
25.581676	0.205428
25.58168	0.206085
25.581684	0.205428
25.581688	0.205756
25.581692	0.202467
25.581696	0.207566
25.5817	0.203125
25.581704	0.204276
25.581708	0.204276
25.581712	0.204605
25.581716	0.204934
25.58172	0.202796
25.581724	0.207072
25.581728	0.203289
25.581732	0.206579
25.581736	0.205263
25.58174	0.205921
25.581744	0.205263
25.581748	0.207401
25.581752	0.204934
25.581756	0.203783
25.58176	0.205263
25.581764	0.204112
25.581768	0.20477
25.581772	0.204276
25.581776	0.207237
25.58178	0.204934
25.581784	0.203947
25.581788	0.205428
25.581792	0.203947
25.581796	0.204605
25.5818	0.204441
25.581804	0.203125
25.581808	0.20773
25.581812	0.202961
25.581816	0.205921
25.58182	0.204441
25.581824	0.204934
25.581828	0.204441
25.581832	0.204441
25.581836	0.205592
25.58184	0.20625
25.581844	0.202138
25.581848	0.204605
25.581852	0.203783
25.581856	0.20477
25.58186	0.204441
25.581864	0.202961
25.581868	0.20773
25.581872	0.203125
25.581876	0.206085
25.58188	0.204934
25.581884	0.205099
25.581888	0.20477
25.581892	0.202632
25.581896	0.20773
25.5819	0.203125
25.581904	0.20477
25.581908	0.204276
25.581912	0.204441
25.581916	0.204441
25.58192	0.202796
25.581924	0.207072
25.581928	0.203125
25.581932	0.206579
25.581936	0.205756
25.58194	0.205921
25.581944	0.205263
25.581948	0.203289
25.581952	0.206414
25.581956	0.202303
25.58196	0.20477
25.581964	0.204441
25.581968	0.205263
25.581972	0.20477
25.581976	0.206908
25.58198	0.205099
25.581984	0.203125
25.581988	0.204934
25.581992	0.204112
25.581996	0.20477
25.582	0.204441
25.582004	0.206579
25.582008	0.204112
25.582012	0.205428
25.582016	0.206085
25.58202	0.205592
25.582024	0.205263
25.582028	0.202632
25.582032	0.20773
25.582036	0.203454
25.58204	0.203947
25.582044	0.204605
25.582048	0.204934
25.582052	0.205099
25.582056	0.203289
25.58206	0.207894
25.582064	0.203125
25.582068	0.20625
25.582072	0.204605
25.582076	0.205099
25.58208	0.204934
25.582084	0.203454
25.582088	0.206414
25.582092	0.202138
25.582096	0.204605
25.5821	0.203783
25.582104	0.204934
25.582108	0.205099
25.582112	0.206743
25.582116	0.204605
25.58212	0.205099
25.582124	0.205592
25.582128	0.20477
25.582132	0.204934
25.582136	0.20477
25.58214	0.207072
25.582144	0.204276
25.582148	0.205428
25.582152	0.205921
25.582156	0.205428
25.58216	0.205756
25.582164	0.202467
25.582168	0.207894
25.582172	0.203618
25.582176	0.204441
25.58218	0.204934
25.582184	0.20477
25.582188	0.205099
25.582192	0.206579
25.582196	0.205756
25.5822	0.202632
25.582204	0.204441
25.582208	0.203618
25.582212	0.204112
25.582216	0.202467
25.58222	0.208059
25.582224	0.203454
25.582228	0.204441
25.582232	0.203618
25.582236	0.204441
25.58224	0.204441
25.582244	0.206743
25.582248	0.204605
25.582252	0.205428
25.582256	0.206085
25.58226	0.204934
25.582264	0.205099
25.582268	0.206414
25.582272	0.205756
25.582276	0.203125
25.58228	0.204934
25.582284	0.203783
25.582288	0.204276
25.582292	0.20625
25.582296	0.20477
25.5823	0.20477
25.582304	0.205756
25.582308	0.204934
25.582312	0.202467
25.582316	0.207566
25.58232	0.203618
25.582324	0.204934
25.582328	0.205263
25.582332	0.205428
25.582336	0.202961
25.58234	0.20773
25.582344	0.203125
25.582348	0.204112
25.582352	0.203618
25.582356	0.204276
25.58236	0.204276
25.582364	0.206743
25.582368	0.205099
25.582372	0.20477
25.582376	0.205592
25.58238	0.204441
25.582384	0.204605
25.582388	0.204605
25.582392	0.207237
25.582396	0.205263
25.5824	0.20477
25.582404	0.205263
25.582408	0.204441
25.582412	0.20477
25.582416	0.204605
25.58242	0.203289
25.582424	0.206743
25.582428	0.202303
25.582432	0.204934
25.582436	0.204112
25.58244	0.20477
25.582444	0.204605
25.582448	0.203454
25.582452	0.20625
25.582456	0.202467
25.58246	0.204934
25.582464	0.203783
25.582468	0.204934
25.582472	0.20477
25.582476	0.207072
25.58248	0.204934
25.582484	0.205099
25.582488	0.205921
25.582492	0.20477
25.582496	0.20477
25.5825	0.202796
25.582504	0.207894
25.582508	0.203618
25.582512	0.203947
25.582516	0.204112
25.58252	0.204112
25.582524	0.204276
25.582528	0.206579
25.582532	0.204441
25.582536	0.205428
25.58254	0.206414
25.582544	0.205099
25.582548	0.205263
25.582552	0.202796
25.582556	0.206743
25.58256	0.202632
25.582564	0.205756
25.582568	0.20477
25.582572	0.205592
25.582576	0.204934
25.58258	0.203125
25.582584	0.206414
25.582588	0.202632
25.582592	0.204934
25.582596	0.204276
25.5826	0.204934
25.582604	0.20477
25.582608	0.202796
25.582612	0.207237
25.582616	0.203618
25.58262	0.20477
25.582624	0.204934
25.582628	0.205263
25.582632	0.205428
25.582636	0.205099
25.58264	0.202961
25.582644	0.207401
25.582648	0.203125
25.582652	0.206579
25.582656	0.205099
25.58266	0.205592
25.582664	0.20477
25.582668	0.202961
25.582672	0.207401
25.582676	0.203618
25.58268	0.204605
25.582684	0.205263
25.582688	0.205099
25.582692	0.205099
25.582696	0.202303
25.5827	0.20773
25.582704	0.203618
25.582708	0.20477
25.582712	0.204605
25.582716	0.204934
25.58272	0.205099
25.582724	0.202632
25.582728	0.207566
25.582732	0.203125
25.582736	0.20477
25.58274	0.203947
25.582744	0.203783
25.582748	0.204112
25.582752	0.202632
25.582756	0.207566
25.58276	0.203125
25.582764	0.206908
25.582768	0.205428
25.582772	0.205756
25.582776	0.205099
25.58278	0.207401
25.582784	0.204934
25.582788	0.203783
25.582792	0.205263
25.582796	0.204441
25.5828	0.204441
25.582804	0.203947
25.582808	0.207072
25.582812	0.204112
25.582816	0.205263
25.58282	0.206414
25.582824	0.205263
25.582828	0.205756
25.582832	0.205263
25.582836	0.207072
25.58284	0.205099
25.582844	0.203783
25.582848	0.205099
25.582852	0.203947
25.582856	0.204605
25.58286	0.204112
25.582864	0.206579
25.582868	0.205263
25.582872	0.203454
25.582876	0.20477
25.58288	0.203947
25.582884	0.204276
25.582888	0.204441
25.582892	0.206579
25.582896	0.204112
25.5829	0.205428
25.582904	0.205921
25.582908	0.205592
25.582912	0.205592
25.582916	0.203125
25.58292	0.207237
25.582924	0.203618
25.582928	0.204934
25.582932	0.205428
25.582936	0.205263
25.58294	0.205592
25.582944	0.202796
25.582948	0.207237
25.582952	0.203783
25.582956	0.20477
25.58296	0.205756
25.582964	0.205428
25.582968	0.205428
25.582972	0.203125
25.582976	0.207894
25.58298	0.202961
25.582984	0.205921
25.582988	0.20477
25.582992	0.204934
25.582996	0.204605
25.583	0.206414
25.583004	0.205099
25.583008	0.203289
25.583012	0.204441
25.583016	0.203618
25.58302	0.204441
25.583024	0.202303
25.583028	0.207894
25.583032	0.203125
25.583036	0.204276
25.58304	0.204441
25.583044	0.204441
25.583048	0.204934
25.583052	0.202961
25.583056	0.207894
25.58306	0.203454
25.583064	0.20625
25.583068	0.20477
25.583072	0.205263
25.583076	0.204605
25.58308	0.203289
25.583084	0.206743
25.583088	0.202467
25.583092	0.205428
25.583096	0.204441
25.5831	0.205428
25.583104	0.205099
25.583108	0.206743
25.583112	0.205921
25.583116	0.202467
25.58312	0.204276
25.583124	0.203454
25.583128	0.204441
25.583132	0.203783
25.583136	0.207072
25.58314	0.204112
25.583144	0.205099
25.583148	0.206085
25.583152	0.205099
25.583156	0.205756
25.58316	0.202961
25.583164	0.207237
25.583168	0.203289
25.583172	0.206414
25.583176	0.205099
25.58318	0.205756
25.583184	0.202138
25.583188	0.20773
25.583192	0.203454
25.583196	0.204441
25.5832	0.205099
25.583204	0.204441
25.583208	0.205099
25.583212	0.206579
25.583216	0.204605
25.58322	0.205099
25.583224	0.206085
25.583228	0.20477
25.583232	0.205099
25.583236	0.206743
25.58324	0.20477
25.583244	0.204441
25.583248	0.205756
25.583252	0.20477
25.583256	0.20477
25.58326	0.206743
25.583264	0.204276
25.583268	0.205428
25.583272	0.20625
25.583276	0.205263
25.58328	0.202796
25.583284	0.207401
25.583288	0.203783
25.583292	0.20477
25.583296	0.205263
25.5833	0.205263
25.583304	0.205263
25.583308	0.207072
25.583312	0.204441
25.583316	0.205428
25.58332	0.205921
25.583324	0.204934
25.583328	0.205756
25.583332	0.206414
25.583336	0.205921
25.58334	0.202632
25.583344	0.20477
25.583348	0.203618
25.583352	0.204276
25.583356	0.202796
25.58336	0.207072
25.583364	0.202796
25.583368	0.206085
25.583372	0.205099
25.583376	0.205756
25.58338	0.203125
25.583384	0.207237
25.583388	0.203289
25.583392	0.206579
25.583396	0.205099
25.5834	0.206085
25.583404	0.202961
25.583408	0.20773
25.583412	0.202796
25.583416	0.205099
25.58342	0.204276
25.583424	0.204441
25.583428	0.204276
25.583432	0.206908
25.583436	0.203947
25.58344	0.205263
25.583444	0.205921
25.583448	0.205756
25.583452	0.205592
25.583456	0.202961
25.58346	0.20773
25.583464	0.203454
25.583468	0.204441
25.583472	0.203618
25.583476	0.204441
25.58348	0.204441
25.583484	0.202961
25.583488	0.207566
25.583492	0.203125
25.583496	0.205756
25.5835	0.204605
25.583504	0.204441
25.583508	0.20477
25.583512	0.202961
25.583516	0.207401
25.58352	0.203618
25.583524	0.20625
25.583528	0.205428
25.583532	0.205263
25.583536	0.205263
25.58354	0.203125
25.583544	0.206908
25.583548	0.202961
25.583552	0.205921
25.583556	0.204934
25.58356	0.205756
25.583564	0.205099
25.583568	0.205756
25.583572	0.205592
25.583576	0.202632
25.58358	0.204441
25.583584	0.203783
25.583588	0.204441
25.583592	0.202632
25.583596	0.208059
25.5836	0.203289
25.583604	0.204276
25.583608	0.203783
25.583612	0.204276
25.583616	0.204276
25.58362	0.207072
25.583624	0.204934
25.583628	0.204441
25.583632	0.205099
25.583636	0.204112
25.58364	0.20477
25.583644	0.202303
25.583648	0.207566
25.583652	0.203454
25.583656	0.204441
25.58366	0.204605
25.583664	0.204441
25.583668	0.205099
25.583672	0.202138
25.583676	0.208059
25.58368	0.203618
25.583684	0.203947
25.583688	0.204441
25.583692	0.204112
25.583696	0.20477
25.5837	0.202632
25.583704	0.208059
25.583708	0.203289
25.583712	0.204112
25.583716	0.203783
25.58372	0.204276
25.583724	0.204441
25.583728	0.202467
25.583732	0.207401
25.583736	0.203783
25.58374	0.204934
25.583744	0.205263
25.583748	0.205263
25.583752	0.205263
25.583756	0.205263
25.58376	0.207072
25.583764	0.205263
25.583768	0.203947
25.583772	0.20477
25.583776	0.203947
25.58378	0.204441
25.583784	0.204276
25.583788	0.203125
25.583792	0.207401
25.583796	0.203289
25.5838	0.206414
25.583804	0.205428
25.583808	0.205592
25.583812	0.205099
25.583816	0.203454
25.58382	0.207401
25.583824	0.203618
25.583828	0.205099
25.583832	0.205263
25.583836	0.205099
25.58384	0.205756
25.583844	0.205263
25.583848	0.203618
25.583852	0.20625
25.583856	0.202303
25.58386	0.20477
25.583864	0.203783
25.583868	0.204605
25.583872	0.204605
25.583876	0.202796
25.58388	0.20773
25.583884	0.203289
25.583888	0.206579
25.583892	0.205263
25.583896	0.205428
25.5839	0.205099
25.583904	0.202796
25.583908	0.207401
25.583912	0.203125
25.583916	0.20625
25.58392	0.205263
25.583924	0.205428
25.583928	0.205592
25.583932	0.202796
25.583936	0.206743
25.58394	0.202467
25.583944	0.205099
25.583948	0.204441
25.583952	0.204934
25.583956	0.204605
25.58396	0.203125
25.583964	0.206908
25.583968	0.202467
25.583972	0.205592
25.583976	0.20477
25.58398	0.205428
25.583984	0.204934
25.583988	0.206579
25.583992	0.204605
25.583996	0.205263
25.584	0.205921
25.584004	0.20477
25.584008	0.205099
25.584012	0.202632
25.584016	0.207894
25.58402	0.203125
25.584024	0.204441
25.584028	0.203618
25.584032	0.203947
25.584036	0.204276
25.58404	0.202961
25.584044	0.207237
25.584048	0.203289
25.584052	0.206579
25.584056	0.205099
25.58406	0.205756
25.584064	0.205428
25.584068	0.203125
25.584072	0.206414
25.584076	0.202632
25.58408	0.205099
25.584084	0.203783
25.584088	0.204934
25.584092	0.20477
25.584096	0.203783
25.5841	0.206414
25.584104	0.202467
25.584108	0.20477
25.584112	0.203947
25.584116	0.20477
25.58412	0.204441
25.584124	0.207072
25.584128	0.204605
25.584132	0.205263
25.584136	0.205921
25.58414	0.20477
25.584144	0.20477
25.584148	0.202796
25.584152	0.207894
25.584156	0.203289
25.58416	0.205428
25.584164	0.203947
25.584168	0.204441
25.584172	0.203947
25.584176	0.206743
25.58418	0.204112
25.584184	0.205263
25.584188	0.20625
25.584192	0.205428
25.584196	0.205921
25.5842	0.206908
25.584204	0.204934
25.584208	0.204441
25.584212	0.205756
25.584216	0.204605
25.58422	0.205099
25.584224	0.206908
25.584228	0.205592
25.584232	0.203125
25.584236	0.204441
25.58424	0.203783
25.584244	0.204112
25.584248	0.206743
25.584252	0.20477
25.584256	0.204934
25.58426	0.205592
25.584264	0.204276
25.584268	0.204605
25.584272	0.206908
25.584276	0.204276
25.58428	0.205592
25.584284	0.205921
25.584288	0.205263
25.584292	0.205592
25.584296	0.20625
25.5843	0.205099
25.584304	0.204934
25.584308	0.205921
25.584312	0.20477
25.584316	0.204934
25.58432	0.202796
25.584324	0.207894
25.584328	0.203454
25.584332	0.20477
25.584336	0.204112
25.58434	0.204441
25.584344	0.204112
25.584348	0.202138
25.584352	0.207401
25.584356	0.203289
25.58436	0.204112
25.584364	0.204276
25.584368	0.204605
25.584372	0.204605
25.584376	0.20477
25.58438	0.206743
25.584384	0.204112
25.584388	0.205428
25.584392	0.20625
25.584396	0.205263
25.5844	0.205756
25.584404	0.204934
25.584408	0.207072
25.584412	0.203618
25.584416	0.205592
25.58442	0.205921
25.584424	0.205592
25.584428	0.205921
25.584432	0.202303
25.584436	0.207894
25.58444	0.203125
25.584444	0.204112
25.584448	0.203947
25.584452	0.204605
25.584456	0.204605
25.58446	0.202796
25.584464	0.207072
25.584468	0.202796
25.584472	0.206085
25.584476	0.205263
25.58448	0.20625
25.584484	0.202796
25.584488	0.208059
25.584492	0.202961
25.584496	0.204441
25.5845	0.203947
25.584504	0.204441
25.584508	0.204605
25.584512	0.203125
25.584516	0.207237
25.58452	0.202632
25.584524	0.205921
25.584528	0.205099
25.584532	0.205592
25.584536	0.205592
25.58454	0.202796
25.584544	0.207566
25.584548	0.203289
25.584552	0.203947
25.584556	0.203947
25.58456	0.204934
25.584564	0.204441
25.584568	0.204934
25.584572	0.202632
25.584576	0.207401
25.58458	0.203125
25.584584	0.20625
25.584588	0.205099
25.584592	0.205921
25.584596	0.205592
25.5846	0.202303
25.584604	0.207401
25.584608	0.203454
25.584612	0.204276
25.584616	0.204605
25.58462	0.205263
25.584624	0.204934
25.584628	0.20477
25.584632	0.207072
25.584636	0.205099
25.58464	0.203947
25.584644	0.205099
25.584648	0.204112
25.584652	0.20477
25.584656	0.204276
25.58466	0.202796
25.584664	0.206908
25.584668	0.203125
25.584672	0.206579
25.584676	0.205263
25.58468	0.205921
25.584684	0.205756
25.584688	0.202796
25.584692	0.207894
25.584696	0.203454
25.5847	0.204112
25.584704	0.203947
25.584708	0.204605
25.584712	0.204441
25.584716	0.201809
25.58472	0.207072
25.584724	0.203454
25.584728	0.204605
25.584732	0.20477
25.584736	0.20477
25.58474	0.205099
25.584744	0.202303
25.584748	0.20773
25.584752	0.202961
25.584756	0.203783
25.58476	0.203947
25.584764	0.204276
25.584768	0.204276
25.584772	0.202961
25.584776	0.207566
25.58478	0.203289
25.584784	0.204934
25.584788	0.203783
25.584792	0.204441
25.584796	0.204276
25.5848	0.202467
25.584804	0.207072
25.584808	0.203618
25.584812	0.204605
25.584816	0.205263
25.58482	0.125828
25.584824	0.00330342
25.584828	0.00281004
25.584832	0.000672026
25.584836	0.00379681
25.58484	1.42E-05
25.584844	0.00264557
25.584848	0.00182326
25.584852	0.00248111
25.584856	0.00231665
25.58486	0.000507564
25.584864	0.00544143
25.584868	0.000836489
25.584872	0.0016588
25.584876	0.0016588
25.58488	0.00198772
25.584884	0.00182326
25.584888	0.00198772
25.584892	0.00461912
25.584896	0.00182326
25.5849	0.0029745
25.584904	0.00379681
25.584908	0.00330342
25.584912	0.00330342
25.584916	0.00264557
25.58492	0.00445466
25.584924	0.00149434
25.584928	0.0029745
25.584932	0.00379681
25.584936	0.0029745
25.58494	0.00346788
25.584944	1.42E-05
25.584948	0.00560589
25.584952	0.00100095
25.584956	0.00198772
25.58496	0.00198772
25.584964	0.00215219
25.584968	0.00248111
25.584972	0.000507564
25.584976	0.00544143
25.58498	0.000507564
25.584984	0.00363235
25.584988	0.00248111
25.584992	0.0029745
25.584996	0.00215219
25.585	0.00100095
25.585004	0.00379681
25.585008	-0.000150285
25.585012	0.00264557
25.585016	0.00182326
25.58502	0.00313896
25.585024	0.00248111
25.585028	0.0042902
25.585032	0.00182326
25.585036	0.00264557
25.58504	0.00379681
25.585044	0.00248111
25.585048	0.00313896
25.585052	0.000672026
25.585056	0.00577036
25.58506	0.000507564
25.585064	0.00149434
25.585068	0.00132988
25.585072	0.00182326
25.585076	0.00198772
25.58508	0.000672026
25.585084	0.00527697
25.585088	0.000672026
25.585092	0.00412573
25.585096	0.00264557
25.5851	0.00330342
25.585104	0.00281004
25.585108	0.00100095
25.585112	0.00461912
25.585116	1.42E-05
25.58512	0.00346788
25.585124	0.00215219
25.585128	0.00313896
25.585132	0.00313896
25.585136	0.00363235
25.58514	0.00346788
25.585144	1.42E-05
25.585148	0.00215219
25.585152	0.00100095
25.585156	0.00198772
25.58516	-0.000150285
25.585164	0.00494804
25.585168	0.00149434
25.585172	0.00248111
25.585176	0.00231665
25.58518	0.00281004
25.585184	0.00281004
25.585188	0.000672026
25.585192	0.0042902
25.585196	0.00017864
25.5852	0.00264557
25.585204	0.00182326
25.585208	0.00264557
25.585212	0.000343102
25.585216	0.00544143
25.58522	0.00116541
25.585224	0.0042902
25.585228	0.00281004
25.585232	0.00281004
25.585236	0.00017864
25.58524	0.00511251
25.585244	0.000836489
25.585248	0.00182326
25.585252	0.00149434
25.585256	0.00231665
25.58526	1.42E-05
25.585264	0.00494804
25.585268	0.00116541
25.585272	0.00198772
25.585276	0.00215219
25.58528	0.00248111
25.585284	0.00149434
25.585288	0.00363235
25.585292	0.000343102
25.585296	0.00198772
25.5853	0.00182326
25.585304	0.00100095
25.585308	0.00445466
25.585312	0.00100095
25.585316	0.00379681
25.58532	0.00281004
25.585324	0.00248111
25.585328	0.00330342
25.585332	0.000672026
25.585336	0.00264557
25.58534	0.00198772
25.585344	0.00461912
25.585348	0.00248111
25.585352	0.00132988
25.585356	0.00215219
25.58536	0.00132988
25.585364	0.00478358
25.585368	0.00248111
25.585372	0.00116541
25.585376	0.00198772
25.58538	0.00149434
25.585384	0.000672026
25.585388	0.00412573
25.585392	0.000672026
25.585396	0.00346788
25.5854	0.00248111
25.585404	0.000672026
25.585408	0.00527697
25.585412	0.000672026
25.585416	0.00330342
25.58542	0.00248111
25.585424	0.000507564
25.585428	0.00544143
25.585432	0.000672026
25.585436	0.00149434
25.58544	0.00182326
25.585444	0.00215219
25.585448	0.00445466
25.585452	0.00215219
25.585456	0.00281004
25.58546	0.0029745
25.585464	0.00215219
25.585468	0.000672026
25.585472	0.00478358
25.585476	0.00132988
25.58548	0.00445466
25.585484	0.00281004
25.585488	0.000672026
25.585492	0.00511251
25.585496	0.000672026
25.5855	0.00198772
25.585504	0.0016588
25.585508	0.000343102
25.585512	0.00527697
25.585516	0.000836489
25.58552	0.00215219
25.585524	0.00231665
25.585528	0.00017864
25.585532	0.00560589
25.585536	0.00100095
25.58554	0.00198772
25.585544	0.00198772
25.585548	0.000507564
25.585552	0.00544143
25.585556	0.000507564
25.58556	0.0016588
25.585564	0.0016588
25.585568	0.00100095
25.585572	0.00527697
25.585576	0.000672026
25.58558	0.00248111
25.585584	0.00116541
25.585588	0.000836489
25.585592	0.00544143
25.585596	0.00116541
25.5856	0.00346788
25.585604	0.0016588
25.585608	0.000672026
25.585612	0.00478358
25.585616	0.00100095
25.58562	0.00412573
25.585624	0.00313896
25.585628	0.000836489
25.585632	0.00396127
25.585636	0.000836489
25.58564	0.00346788
25.585644	0.00264557
25.585648	0.00132988
25.585652	0.00412573
25.585656	0.000507564
25.58566	0.0029745
25.585664	0.00182326
25.585668	0.00231665
25.585672	0.00379681
25.585676	0.000343102
25.58568	0.00264557
25.585684	0.00182326
25.585688	0.00182326
25.585692	0.00330342
25.585696	0.000507564
25.5857	0.00281004
25.585704	0.00198772
25.585708	0.00149434
25.585712	0.00379681
25.585716	0.000507564
25.58572	0.00264557
25.585724	0.00198772
25.585728	0.00100095
25.585732	0.00445466
25.585736	0.00100095
25.58574	0.00346788
25.585744	0.00248111
25.585748	0.000836489
25.585752	0.00412573
25.585756	0.00100095
25.58576	0.00396127
25.585764	0.00313896
25.585768	0.000836489
25.585772	0.00445466
25.585776	0.000672026
25.58578	0.00379681
25.585784	0.00264557
25.585788	0.00100095
25.585792	0.00511251
25.585796	0.203125
25.5858	0.206414
25.585804	0.20477
25.585808	0.203125
25.585812	0.207566
25.585816	0.203289
25.58582	0.206414
25.585824	0.204934
25.585828	0.203125
25.585832	0.207566
25.585836	0.203125
25.58584	0.204934
25.585844	0.204112
25.585848	0.203125
25.585852	0.208059
25.585856	0.203125
25.58586	0.203947
25.585864	0.203783
25.585868	0.202138
25.585872	0.207894
25.585876	0.203454
25.58588	0.20477
25.585884	0.20477
25.585888	0.20477
25.585892	0.206579
25.585896	0.204112
25.5859	0.205263
25.585904	0.205756
25.585908	0.205263
25.585912	0.206908
25.585916	0.205263
25.58592	0.202632
25.585924	0.204441
25.585928	0.203783
25.585932	0.203454
25.585936	0.206743
25.58594	0.203289
25.585944	0.206085
25.585948	0.205099
25.585952	0.203125
25.585956	0.207566
25.58596	0.203618
25.585964	0.205756
25.585968	0.204605
25.585972	0.202796
25.585976	0.20773
25.58598	0.203289
25.585984	0.204441
25.585988	0.204441
25.585992	0.202138
25.585996	0.207894
25.586	0.203454
25.586004	0.204276
25.586008	0.20477
25.586012	0.202138
25.586016	0.207072
25.58602	0.203783
25.586024	0.205428
25.586028	0.205756
25.586032	0.202138
25.586036	0.207401
25.58604	0.203783
25.586044	0.205263
25.586048	0.205592
25.586052	0.202138
25.586056	0.207566
25.58606	0.203454
25.586064	0.204605
25.586068	0.204934
25.586072	0.202796
25.586076	0.208059
25.58608	0.203618
25.586084	0.20477
25.586088	0.204441
25.586092	0.202303
25.586096	0.207401
25.5861	0.203454
25.586104	0.20477
25.586108	0.204934
25.586112	0.202632
25.586116	0.20773
25.58612	0.203289
25.586124	0.204605
25.586128	0.205099
25.586132	0.202467
25.586136	0.207894
25.58614	0.203289
25.586144	0.204441
25.586148	0.204441
25.586152	0.202467
25.586156	0.20773
25.58616	0.203289
25.586164	0.204605
25.586168	0.204441
25.586172	0.202796
25.586176	0.207894
25.58618	0.203125
25.586184	0.204112
25.586188	0.204112
25.586192	0.202632
25.586196	0.20773
25.5862	0.203454
25.586204	0.204112
25.586208	0.204441
25.586212	0.204934
25.586216	0.206743
25.58622	0.20477
25.586224	0.20477
25.586228	0.205592
25.586232	0.20477
25.586236	0.203125
25.58624	0.207401
25.586244	0.203289
25.586248	0.20625
25.586252	0.205099
25.586256	0.204934
25.58626	0.206414
25.586264	0.205756
25.586268	0.202467
25.586272	0.204605
25.586276	0.204112
25.58628	0.202303
25.586284	0.207237
25.586288	0.203618
25.586292	0.204934
25.586296	0.205099
25.5863	0.205428
25.586304	0.202961
25.586308	0.207401
25.586312	0.203454
25.586316	0.206579
25.58632	0.205099
25.586324	0.205756
25.586328	0.207072
25.586332	0.204112
25.586336	0.205428
25.58634	0.206085
25.586344	0.205099
25.586348	0.203289
25.586352	0.207566
25.586356	0.203618
25.58636	0.20625
25.586364	0.20477
25.586368	0.205099
25.586372	0.206743
25.586376	0.203947
