Time - Dev10/ai1	Amplitude - Dev10/ai1
0	0.205099
4.00E-06	0.205099
8.00E-06	0.205592
1.20E-05	0.205263
1.60E-05	0.205099
2.00E-05	0.203947
2.40E-05	0.206579
2.80E-05	0.203125
3.20E-05	0.205921
3.60E-05	0.20477
4.00E-05	0.205756
4.40E-05	0.204934
4.80E-05	0.205263
5.20E-05	0.205263
5.60E-05	0.205428
6.00E-05	0.204441
6.40E-05	0.20625
6.80E-05	0.203289
7.20E-05	0.205099
7.60E-05	0.204112
8.00E-05	0.204934
8.40E-05	0.204605
8.80E-05	0.205099
9.20E-05	0.205099
9.60E-05	0.20477
1.00E-04	0.203947
0.000104	0.206414
0.000108	0.202961
0.000112	0.205099
0.000116	0.204276
0.00012	0.205099
0.000124	0.205099
0.000128	0.205263
0.000132	0.205099
0.000136	0.20477
0.00014	0.204112
0.000144	0.207072
0.000148	0.203947
0.000152	0.206743
0.000156	0.205263
0.00016	0.205756
0.000164	0.205099
0.000168	0.205592
0.000172	0.205263
0.000176	0.205428
0.00018	0.204276
0.000184	0.207237
0.000188	0.203783
0.000192	0.206414
0.000196	0.204934
0.0002	0.205921
0.000204	0.205756
0.000208	0.205592
0.000212	0.205263
0.000216	0.205099
0.00022	0.203783
0.000224	0.207072
0.000228	0.203783
0.000232	0.206414
0.000236	0.205263
0.00024	0.205756
0.000244	0.205099
0.000248	0.204934
0.000252	0.204934
0.000256	0.20477
0.00026	0.204112
0.000264	0.207401
0.000268	0.204276
0.000272	0.205756
0.000276	0.204441
0.00028	0.205099
0.000284	0.20477
0.000288	0.204934
0.000292	0.205099
0.000296	0.20477
0.0003	0.203783
0.000304	0.207072
0.000308	0.203618
0.000312	0.205592
0.000316	0.20477
0.00032	0.204934
0.000324	0.20477
0.000328	0.20477
0.000332	0.20477
0.000336	0.204605
0.00034	0.203947
0.000344	0.207072
0.000348	0.203947
0.000352	0.206085
0.000356	0.205099
0.00036	0.20477
0.000364	0.20477
0.000368	0.204605
0.000372	0.205099
0.000376	0.20477
0.00038	0.204112
0.000384	0.207072
0.000388	0.203947
0.000392	0.20625
0.000396	0.204934
0.0004	0.205428
0.000404	0.205099
0.000408	0.204934
0.000412	0.205099
0.000416	0.204605
0.00042	0.203618
0.000424	0.207072
0.000428	0.203947
0.000432	0.205756
0.000436	0.205099
0.00044	0.205099
0.000444	0.204605
0.000448	0.204934
0.000452	0.204934
0.000456	0.204605
0.00046	0.203783
0.000464	0.206908
0.000468	0.204112
0.000472	0.20477
0.000476	0.204441
0.00048	0.204605
0.000484	0.20477
0.000488	0.204605
0.000492	0.205099
0.000496	0.204934
0.0005	0.203783
0.000504	0.207072
0.000508	0.203947
0.000512	0.205099
0.000516	0.204441
0.00052	0.20477
0.000524	0.204605
0.000528	0.204605
0.000532	0.204605
0.000536	0.204934
0.00054	0.205756
0.000544	0.20625
0.000548	0.203289
0.000552	0.205428
0.000556	0.204112
0.00056	0.205099
0.000564	0.204441
0.000568	0.20477
0.000572	0.204934
0.000576	0.206579
0.00058	0.205428
0.000584	0.205099
0.000588	0.20625
0.000592	0.205099
0.000596	0.205263
0.0006	0.205099
0.000604	0.205263
0.000608	0.205099
0.000612	0.204112
0.000616	0.207072
0.00062	0.203783
0.000624	0.205921
0.000628	0.205099
0.000632	0.205756
0.000636	0.205263
0.00064	0.205099
0.000644	0.20477
0.000648	0.20477
0.000652	0.204934
0.000656	0.206085
0.00066	0.204605
0.000664	0.204934
0.000668	0.205756
0.000672	0.205099
0.000676	0.205263
0.00068	0.205099
0.000684	0.205428
0.000688	0.205263
0.000692	0.205756
0.000696	0.20625
0.0007	0.205921
0.000704	0.203783
0.000708	0.205263
0.000712	0.204276
0.000716	0.20477
0.00072	0.204934
0.000724	0.205099
0.000728	0.20477
0.000732	0.204934
0.000736	0.203618
0.00074	0.206414
0.000744	0.202961
0.000748	0.205592
0.000752	0.204605
0.000756	0.205263
0.00076	0.204934
0.000764	0.205099
0.000768	0.205099
0.000772	0.205592
0.000776	0.203783
0.00078	0.207237
0.000784	0.203454
0.000788	0.205756
0.000792	0.20477
0.000796	0.205592
0.0008	0.205756
0.000804	0.205592
0.000808	0.205756
0.000812	0.205428
0.000816	0.203454
0.00082	0.206743
0.000824	0.203125
0.000828	0.205921
0.000832	0.205099
0.000836	0.205592
0.00084	0.205756
0.000844	0.205592
0.000848	0.204934
0.000852	0.205263
0.000856	0.203783
0.00086	0.207072
0.000864	0.203783
0.000868	0.206085
0.000872	0.205263
0.000876	0.205428
0.00088	0.205099
0.000884	0.205263
0.000888	0.205428
0.000892	0.205592
0.000896	0.203783
0.0009	0.206579
0.000904	0.202632
0.000908	0.20477
0.000912	0.204441
0.000916	0.205099
0.00092	0.205099
0.000924	0.205099
0.000928	0.205263
0.000932	0.205592
0.000936	0.203947
0.00094	0.206908
0.000944	0.203947
0.000948	0.206085
0.000952	0.205592
0.000956	0.205592
0.00096	0.205592
0.000964	0.205428
0.000968	0.205263
0.000972	0.205592
0.000976	0.203947
0.00098	0.207237
0.000984	0.204112
0.000988	0.205921
0.000992	0.205263
0.000996	0.205099
0.001	0.205099
0.001004	0.204934
0.001008	0.204934
0.001012	0.205099
0.001016	0.203289
0.00102	0.206908
0.001024	0.204112
0.001028	0.204605
0.001032	0.204934
0.001036	0.204441
0.00104	0.204934
0.001044	0.20477
0.001048	0.20477
0.001052	0.20477
0.001056	0.204605
0.00106	0.206743
0.001064	0.204605
0.001068	0.204605
0.001072	0.205428
0.001076	0.20477
0.00108	0.205592
0.001084	0.205428
0.001088	0.205756
0.001092	0.205428
0.001096	0.204276
0.0011	0.206579
0.001104	0.204441
0.001108	0.204276
0.001112	0.204934
0.001116	0.204934
0.00112	0.205263
0.001124	0.205099
0.001128	0.205592
0.001132	0.205099
0.001136	0.203783
0.00114	0.207401
0.001144	0.203783
0.001148	0.205921
0.001152	0.205099
0.001156	0.205263
0.00116	0.205099
0.001164	0.20477
0.001168	0.204605
0.001172	0.204934
0.001176	0.203783
0.00118	0.206908
0.001184	0.203454
0.001188	0.205428
0.001192	0.205099
0.001196	0.205099
0.0012	0.205592
0.001204	0.205428
0.001208	0.205263
0.001212	0.205263
0.001216	0.205428
0.00122	0.20625
0.001224	0.203454
0.001228	0.205099
0.001232	0.204441
0.001236	0.204934
0.00124	0.204605
0.001244	0.20477
0.001248	0.20477
0.001252	0.204934
0.001256	0.205921
0.00126	0.204934
0.001264	0.205099
0.001268	0.206085
0.001272	0.205428
0.001276	0.205428
0.00128	0.205263
0.001284	0.205263
0.001288	0.205099
0.001292	0.206579
0.001296	0.204934
0.0013	0.205428
0.001304	0.205921
0.001308	0.205263
0.001312	0.205921
0.001316	0.205428
0.00132	0.203618
0.001324	0.206908
0.001328	0.204112
0.001332	0.204441
0.001336	0.204441
0.00134	0.204441
0.001344	0.205099
0.001348	0.20477
0.001352	0.206414
0.001356	0.20477
0.00136	0.205428
0.001364	0.206085
0.001368	0.205099
0.001372	0.205756
0.001376	0.203289
0.00138	0.206908
0.001384	0.204441
0.001388	0.204441
0.001392	0.20477
0.001396	0.204605
0.0014	0.205263
0.001404	0.203783
0.001408	0.207401
0.001412	0.204112
0.001416	0.205263
0.00142	0.204605
0.001424	0.20477
0.001428	0.204934
0.001432	0.204934
0.001436	0.206579
0.00144	0.205756
0.001444	0.204112
0.001448	0.205592
0.001452	0.204605
0.001456	0.205099
0.00146	0.204605
0.001464	0.204934
0.001468	0.205921
0.001472	0.20625
0.001476	0.203618
0.00148	0.205099
0.001484	0.204112
0.001488	0.20477
0.001492	0.204605
0.001496	0.205099
0.0015	0.204441
0.001504	0.206414
0.001508	0.204441
0.001512	0.204934
0.001516	0.205592
0.00152	0.205099
0.001524	0.205756
0.001528	0.205099
0.001532	0.205428
0.001536	0.20477
0.00154	0.204605
0.001544	0.20625
0.001548	0.203289
0.001552	0.205263
0.001556	0.203947
0.00156	0.20477
0.001564	0.204276
0.001568	0.20477
0.001572	0.205099
0.001576	0.206579
0.00158	0.205592
0.001584	0.204605
0.001588	0.205592
0.001592	0.204934
0.001596	0.205099
0.0016	0.204934
0.001604	0.203947
0.001608	0.206743
0.001612	0.204605
0.001616	0.204605
0.00162	0.205756
0.001624	0.205099
0.001628	0.205592
0.001632	0.205756
0.001636	0.206414
0.00164	0.205921
0.001644	0.204112
0.001648	0.205428
0.001652	0.204276
0.001656	0.20477
0.00166	0.20477
0.001664	0.204112
0.001668	0.207072
0.001672	0.203947
0.001676	0.206085
0.00168	0.205099
0.001684	0.205756
0.001688	0.205428
0.001692	0.204112
0.001696	0.207072
0.0017	0.204112
0.001704	0.20477
0.001708	0.204441
0.001712	0.20477
0.001716	0.20477
0.00172	0.20477
0.001724	0.204112
0.001728	0.20625
0.001732	0.203125
0.001736	0.205263
0.00174	0.204605
0.001744	0.205263
0.001748	0.205099
0.001752	0.205428
0.001756	0.20625
0.00176	0.205099
0.001764	0.205099
0.001768	0.205921
0.001772	0.205428
0.001776	0.205756
0.00178	0.205592
0.001784	0.203783
0.001788	0.206908
0.001792	0.203783
0.001796	0.206085
0.0018	0.205428
0.001804	0.205756
0.001808	0.205592
0.001812	0.203947
0.001816	0.207401
0.00182	0.203947
0.001824	0.20477
0.001828	0.204441
0.001832	0.20477
0.001836	0.204934
0.00184	0.204934
0.001844	0.206414
0.001848	0.20477
0.001852	0.205263
0.001856	0.206085
0.00186	0.205592
0.001864	0.205592
0.001868	0.205263
0.001872	0.203783
0.001876	0.206743
0.00188	0.203783
0.001884	0.20625
0.001888	0.205263
0.001892	0.20625
0.001896	0.205592
0.0019	0.205263
0.001904	0.206085
0.001908	0.205099
0.001912	0.205099
0.001916	0.205921
0.00192	0.205263
0.001924	0.205756
0.001928	0.205263
0.001932	0.203783
0.001936	0.207072
0.00194	0.204276
0.001944	0.205756
0.001948	0.204934
0.001952	0.205099
0.001956	0.205099
0.00196	0.20477
0.001964	0.206414
0.001968	0.205263
0.001972	0.204441
0.001976	0.205921
0.00198	0.20477
0.001984	0.205099
0.001988	0.204605
0.001992	0.203947
0.001996	0.207401
0.002	0.203947
0.002004	0.205921
0.002008	0.20477
0.002012	0.205263
0.002016	0.20477
0.00202	0.20477
0.002024	0.203618
0.002028	0.206414
0.002032	0.203289
0.002036	0.205428
0.00204	0.204112
0.002044	0.205099
0.002048	0.204605
0.002052	0.203454
0.002056	0.206743
0.00206	0.204441
0.002064	0.204605
0.002068	0.204605
0.002072	0.204605
0.002076	0.204605
0.00208	0.204934
0.002084	0.206085
0.002088	0.205756
0.002092	0.203783
0.002096	0.205428
0.0021	0.204112
0.002104	0.204934
0.002108	0.204605
0.002112	0.20477
0.002116	0.20625
0.00212	0.205099
0.002124	0.205099
0.002128	0.205921
0.002132	0.205263
0.002136	0.205428
0.00214	0.205428
0.002144	0.205921
0.002148	0.206579
0.002152	0.205428
0.002156	0.205099
0.00216	0.206085
0.002164	0.205099
0.002168	0.205756
0.002172	0.205263
0.002176	0.20477
0.00218	0.206908
0.002184	0.204441
0.002188	0.204441
0.002192	0.205099
0.002196	0.205099
0.0022	0.205428
0.002204	0.205592
0.002208	0.00149434
0.002212	0.00494804
0.002216	0.00149434
0.00222	0.00198772
0.002224	0.00198772
0.002228	0.00215219
0.002232	0.00281004
0.002236	0.00264557
0.00224	0.00116541
0.002244	0.0042902
0.002248	0.0016588
0.002252	0.00198772
0.002256	0.00231665
0.00226	0.00248111
0.002264	0.0029745
0.002268	0.00248111
0.002272	0.00281004
0.002276	0.00116541
0.00228	0.0042902
0.002284	0.000836489
0.002288	0.00330342
0.002292	0.00248111
0.002296	0.00313896
0.0023	0.00281004
0.002304	0.00264557
0.002308	0.00116541
0.002312	0.00494804
0.002316	0.00149434
0.00232	0.00445466
0.002324	0.0029745
0.002328	0.00313896
0.002332	0.00281004
0.002336	0.00231665
0.00234	0.00396127
0.002344	0.00215219
0.002348	0.00281004
0.002352	0.00363235
0.002356	0.00281004
0.00236	0.00313896
0.002364	0.00116541
0.002368	0.00396127
0.002372	0.00215219
0.002376	0.00264557
0.00238	0.00313896
0.002384	0.00281004
0.002388	0.0029745
0.002392	0.00116541
0.002396	0.00478358
0.0024	0.00182326
0.002404	0.0042902
0.002408	0.00313896
0.002412	0.00330342
0.002416	0.00116541
0.00242	0.00461912
0.002424	0.00149434
0.002428	0.00215219
0.002432	0.00248111
0.002436	0.00264557
0.00244	0.00248111
0.002444	0.00198772
0.002448	0.00379681
0.002452	0.000507564
0.002456	0.00281004
0.00246	0.00198772
0.002464	0.00281004
0.002468	0.00248111
0.002472	0.00412573
0.002476	0.0029745
0.00248	0.00231665
0.002484	0.00346788
0.002488	0.00231665
0.002492	0.0029745
0.002496	0.00248111
0.0025	0.00379681
0.002504	0.00281004
0.002508	0.00231665
0.002512	0.00363235
0.002516	0.00264557
0.00252	0.00330342
0.002524	0.00116541
0.002528	0.00461912
0.002532	0.0016588
0.002536	0.00198772
0.00254	0.00198772
0.002544	0.00248111
0.002548	0.00248111
0.002552	0.00149434
0.002556	0.00412573
0.00256	0.000672026
0.002564	0.0029745
0.002568	0.00198772
0.002572	0.0029745
0.002576	0.0029745
0.00258	0.00412573
0.002584	0.00281004
0.002588	0.00248111
0.002592	0.00346788
0.002596	0.00248111
0.0026	0.00313896
0.002604	0.0029745
0.002608	0.00396127
0.002612	0.00281004
0.002616	0.00231665
0.00262	0.00330342
0.002624	0.00248111
0.002628	0.00313896
0.002632	0.0029745
0.002636	0.00412573
0.00264	0.0029745
0.002644	0.00231665
0.002648	0.00313896
0.002652	0.00248111
0.002656	0.00313896
0.00266	0.00281004
0.002664	0.00412573
0.002668	0.00264557
0.002672	0.00281004
0.002676	0.00313896
0.00268	0.00264557
0.002684	0.00313896
0.002688	0.0029745
0.002692	0.00445466
0.002696	0.00248111
0.0027	0.00281004
0.002704	0.00313896
0.002708	0.00248111
0.002712	0.00363235
0.002716	0.00313896
0.00272	0.00445466
0.002724	0.00281004
0.002728	0.00231665
0.002732	0.00346788
0.002736	0.00231665
0.00274	0.00313896
0.002744	0.00264557
0.002748	0.00313896
0.002752	0.0042902
0.002756	0.000836489
0.00276	0.00248111
0.002764	0.00149434
0.002768	0.00215219
0.002772	0.00248111
0.002776	0.0016588
0.00278	0.00461912
0.002784	0.00149434
0.002788	0.00363235
0.002792	0.00281004
0.002796	0.00330342
0.0028	0.0029745
0.002804	0.00182326
0.002808	0.00494804
0.002812	0.00182326
0.002816	0.00215219
0.00282	0.00182326
0.002824	0.00231665
0.002828	0.00215219
0.002832	0.00264557
0.002836	0.00363235
0.00284	0.00281004
0.002844	0.00281004
0.002848	0.00363235
0.002852	0.00264557
0.002856	0.00313896
0.00286	0.00281004
0.002864	0.00412573
0.002868	0.00346788
0.002872	0.00132988
0.002876	0.00248111
0.00288	0.0016588
0.002884	0.00264557
0.002888	0.00248111
0.002892	0.0016588
0.002896	0.0042902
0.0029	0.00116541
0.002904	0.00363235
0.002908	0.00231665
0.002912	0.00330342
0.002916	0.0029745
0.00292	0.00182326
0.002924	0.00494804
0.002928	0.00149434
0.002932	0.00330342
0.002936	0.00231665
0.00294	0.00264557
0.002944	0.00264557
0.002948	0.00215219
0.002952	0.00461912
0.002956	0.00215219
0.00296	0.00264557
0.002964	0.00313896
0.002968	0.00281004
0.002972	0.00330342
0.002976	0.00313896
0.00298	0.0016588
0.002984	0.00461912
0.002988	0.00116541
0.002992	0.00396127
0.002996	0.00281004
0.003	0.00346788
0.003004	0.00330342
0.003008	0.00330342
0.003012	0.0016588
0.003016	0.00412573
0.00302	0.000836489
0.003024	0.00346788
0.003028	0.00248111
0.003032	0.00363235
0.003036	0.00313896
0.00304	0.00330342
0.003044	0.00363235
0.003048	0.00231665
0.003052	0.00264557
0.003056	0.00379681
0.00306	0.00313896
0.003064	0.00346788
0.003068	0.00264557
0.003072	0.00215219
0.003076	0.00363235
0.00308	0.000672026
0.003084	0.00281004
0.003088	0.00215219
0.003092	0.00281004
0.003096	0.00231665
0.0031	0.00149434
0.003104	0.00445466
0.003108	0.00100095
0.003112	0.00379681
0.003116	0.0029745
0.00312	0.00330342
0.003124	0.0029745
0.003128	0.00149434
0.003132	0.00478358
0.003136	0.00116541
0.00314	0.00281004
0.003144	0.00248111
0.003148	0.00248111
0.003152	0.00248111
0.003156	0.00231665
0.00316	0.00132988
0.003164	0.0042902
0.003168	0.00116541
0.003172	0.00379681
0.003176	0.0029745
0.00318	0.205756
0.003184	0.205263
0.003188	0.205099
0.003192	0.205428
0.003196	0.205921
0.0032	0.203289
0.003204	0.205428
0.003208	0.204112
0.003212	0.204934
0.003216	0.204441
0.00322	0.20477
0.003224	0.20625
0.003228	0.204934
0.003232	0.205263
0.003236	0.20625
0.00324	0.205263
0.003244	0.205428
0.003248	0.205099
0.003252	0.203783
0.003256	0.207072
0.00326	0.204276
0.003264	0.205099
0.003268	0.204605
0.003272	0.204441
0.003276	0.204441
0.00328	0.204605
0.003284	0.205428
0.003288	0.206085
0.003292	0.203289
0.003296	0.204934
0.0033	0.204112
0.003304	0.204934
0.003308	0.20477
0.003312	0.203947
0.003316	0.207401
0.00332	0.204112
0.003324	0.204605
0.003328	0.204441
0.003332	0.204605
0.003336	0.204605
0.00334	0.20477
0.003344	0.206579
0.003348	0.205099
0.003352	0.205428
0.003356	0.205756
0.00336	0.205263
0.003364	0.205756
0.003368	0.205099
0.003372	0.204112
0.003376	0.207072
0.00338	0.203289
0.003384	0.205756
0.003388	0.204605
0.003392	0.205263
0.003396	0.205263
0.0034	0.205428
0.003404	0.206579
0.003408	0.205428
0.003412	0.20477
0.003416	0.205592
0.00342	0.204605
0.003424	0.205099
0.003428	0.20477
0.003432	0.203783
0.003436	0.206743
0.00344	0.204441
0.003444	0.204441
0.003448	0.204276
0.003452	0.20477
0.003456	0.205099
0.00346	0.205099
0.003464	0.203783
0.003468	0.206414
0.003472	0.204441
0.003476	0.204276
0.00348	0.204934
0.003484	0.205263
0.003488	0.205428
0.003492	0.205592
0.003496	0.205428
0.0035	0.203618
0.003504	0.206908
0.003508	0.203618
0.003512	0.206579
0.003516	0.205428
0.00352	0.205921
0.003524	0.205428
0.003528	0.205263
0.003532	0.205099
0.003536	0.20625
0.00354	0.205428
0.003544	0.204934
0.003548	0.205921
0.003552	0.20477
0.003556	0.205263
0.00356	0.204605
0.003564	0.204934
0.003568	0.203947
0.003572	0.20773
0.003576	0.204112
0.00358	0.205428
0.003584	0.204605
0.003588	0.204605
0.003592	0.204605
0.003596	0.20477
0.0036	0.203947
0.003604	0.20773
0.003608	0.204276
0.003612	0.205921
0.003616	0.204605
0.00362	0.204934
0.003624	0.204934
0.003628	0.204934
0.003632	0.204112
0.003636	0.206743
0.00364	0.203454
0.003644	0.205756
0.003648	0.204441
0.003652	0.205592
0.003656	0.205428
0.00366	0.205756
0.003664	0.204112
0.003668	0.207237
0.003672	0.203947
0.003676	0.205428
0.00368	0.20477
0.003684	0.205099
0.003688	0.205099
0.003692	0.205263
0.003696	0.204605
0.0037	0.203618
0.003704	0.206579
0.003708	0.203125
0.003712	0.20625
0.003716	0.205099
0.00372	0.205921
0.003724	0.205428
0.003728	0.205099
0.003732	0.205428
0.003736	0.203618
0.00374	0.206743
0.003744	0.203289
0.003748	0.205756
0.003752	0.20477
0.003756	0.205099
0.00376	0.204934
0.003764	0.205428
0.003768	0.203618
0.003772	0.206743
0.003776	0.203289
0.00378	0.205756
0.003784	0.204441
0.003788	0.204934
0.003792	0.205099
0.003796	0.203618
0.0038	0.207072
0.003804	0.204441
0.003808	0.20477
0.003812	0.204441
0.003816	0.204441
0.00382	0.204276
0.003824	0.20477
0.003828	0.206579
0.003832	0.205756
0.003836	0.204605
0.00384	0.205756
0.003844	0.204441
0.003848	0.204934
0.003852	0.20477
0.003856	0.204112
0.00386	0.207237
0.003864	0.204441
0.003868	0.206414
0.003872	0.205263
0.003876	0.205428
0.00388	0.205099
0.003884	0.203618
0.003888	0.207072
0.003892	0.204605
0.003896	0.204441
0.0039	0.20477
0.003904	0.20477
0.003908	0.20477
0.003912	0.205263
0.003916	0.206579
0.00392	0.205756
0.003924	0.204112
0.003928	0.205099
0.003932	0.203947
0.003936	0.20477
0.00394	0.204441
0.003944	0.203618
0.003948	0.207072
0.003952	0.204441
0.003956	0.204441
0.00396	0.20477
0.003964	0.20477
0.003968	0.205099
0.003972	0.205099
0.003976	0.204276
0.00398	0.206414
0.003984	0.202961
0.003988	0.205263
0.003992	0.204605
0.003996	0.205428
0.004	0.205099
0.004004	0.203947
0.004008	0.207072
0.004012	0.203947
0.004016	0.20625
0.00402	0.205428
0.004024	0.205921
0.004028	0.205428
0.004032	0.203947
0.004036	0.207237
0.00404	0.203783
0.004044	0.205756
0.004048	0.205099
0.004052	0.205428
0.004056	0.205099
0.00406	0.203783
0.004064	0.207566
0.004068	0.203947
0.004072	0.204605
0.004076	0.204441
0.00408	0.204605
0.004084	0.204934
0.004088	0.203289
0.004092	0.207072
0.004096	0.204276
0.0041	0.204605
0.004104	0.205099
0.004108	0.20477
0.004112	0.205263
0.004116	0.203783
0.00412	0.207401
0.004124	0.204112
0.004128	0.205099
0.004132	0.204276
0.004136	0.20477
0.00414	0.20477
0.004144	0.203947
0.004148	0.207566
0.004152	0.204112
0.004156	0.205921
0.00416	0.205099
0.004164	0.205428
0.004168	0.205099
0.004172	0.204276
0.004176	0.207237
0.00418	0.204112
0.004184	0.205263
0.004188	0.204112
0.004192	0.204605
0.004196	0.204934
0.0042	0.203125
0.004204	0.207072
0.004208	0.204441
0.004212	0.204605
0.004216	0.205099
0.00422	0.20477
0.004224	0.205756
0.004228	0.205263
0.004232	0.206743
0.004236	0.205428
0.00424	0.204441
0.004244	0.205756
0.004248	0.20477
0.004252	0.205263
0.004256	0.204934
0.00426	0.203783
0.004264	0.207237
0.004268	0.203783
0.004272	0.206085
0.004276	0.205099
0.00428	0.205756
0.004284	0.205756
0.004288	0.203783
0.004292	0.207401
0.004296	0.203947
0.0043	0.205263
0.004304	0.204605
0.004308	0.204605
0.004312	0.20477
0.004316	0.204276
0.00432	0.206579
0.004324	0.204605
0.004328	0.20477
0.004332	0.205921
0.004336	0.205099
0.00434	0.205756
0.004344	0.205592
0.004348	0.204112
0.004352	0.206743
0.004356	0.203289
0.00436	0.205756
0.004364	0.205099
0.004368	0.205756
0.004372	0.205592
0.004376	0.205592
0.00438	0.205428
0.004384	0.205921
0.004388	0.204934
0.004392	0.205099
0.004396	0.206414
0.0044	0.205099
0.004404	0.206085
0.004408	0.205428
0.004412	0.205592
0.004416	0.204934
0.00442	0.205099
0.004424	0.203618
0.004428	0.206908
0.004432	0.204441
0.004436	0.204605
0.00444	0.204441
0.004444	0.204605
0.004448	0.204605
0.004452	0.204605
0.004456	0.204934
0.00446	0.205099
0.004464	0.204934
0.004468	0.203783
0.004472	0.207072
0.004476	0.203454
0.00448	0.206414
0.004484	0.205428
0.004488	0.205756
0.004492	0.205756
0.004496	0.205428
0.0045	0.205099
0.004504	0.205263
0.004508	0.205099
0.004512	0.203947
0.004516	0.206414
0.00452	0.203618
0.004524	0.205592
0.004528	0.203947
0.004532	0.20477
0.004536	0.204441
0.00454	0.205099
0.004544	0.205099
0.004548	0.204934
0.004552	0.204934
0.004556	0.205756
0.00456	0.205099
0.004564	0.20477
0.004568	0.206085
0.004572	0.205428
0.004576	0.205756
0.00458	0.205263
0.004584	0.205592
0.004588	0.205263
0.004592	0.205263
0.004596	0.203947
0.0046	0.206743
0.004604	0.20477
0.004608	0.204441
0.004612	0.204441
0.004616	0.204276
0.00462	0.20477
0.004624	0.204605
0.004628	0.204934
0.004632	0.204934
0.004636	0.20477
0.00464	0.203783
0.004644	0.207072
0.004648	0.203947
0.004652	0.206414
0.004656	0.205263
0.00466	0.205756
0.004664	0.205756
0.004668	0.205428
0.004672	0.205428
0.004676	0.204934
0.00468	0.20477
0.004684	0.203783
0.004688	0.206414
0.004692	0.203454
0.004696	0.205263
0.0047	0.203783
0.004704	0.204934
0.004708	0.204441
0.004712	0.204934
0.004716	0.205099
0.00472	0.205099
0.004724	0.205263
0.004728	0.206085
0.004732	0.205263
0.004736	0.204605
0.00474	0.20625
0.004744	0.205592
0.004748	0.205756
0.004752	0.205263
0.004756	0.205428
0.00476	0.205099
0.004764	0.205263
0.004768	0.204934
0.004772	0.206743
0.004776	0.20477
0.00478	0.205099
0.004784	0.20477
0.004788	0.204112
0.004792	0.204441
0.004796	0.204441
0.0048	0.20477
0.004804	0.204934
0.004808	0.20477
0.004812	0.203618
0.004816	0.206743
0.00482	0.202961
0.004824	0.206085
0.004828	0.205099
0.004832	0.205756
0.004836	0.205263
0.00484	0.205428
0.004844	0.205428
0.004848	0.205099
0.004852	0.205592
0.004856	0.203783
0.00486	0.206743
0.004864	0.203783
0.004868	0.205592
0.004872	0.203947
0.004876	0.20477
0.00488	0.204441
0.004884	0.20477
0.004888	0.20477
0.004892	0.205099
0.004896	0.204934
0.0049	0.205921
0.004904	0.205921
0.004908	0.204441
0.004912	0.206414
0.004916	0.205592
0.00492	0.205756
0.004924	0.205263
0.004928	0.205099
0.004932	0.205099
0.004936	0.205263
0.00494	0.204934
0.004944	0.206085
0.004948	0.205263
0.004952	0.203783
0.004956	0.20477
0.00496	0.204112
0.004964	0.204934
0.004968	0.20477
0.004972	0.205263
0.004976	0.205263
0.00498	0.205099
0.004984	0.203454
0.004988	0.206579
0.004992	0.204276
0.004996	0.205756
0.005	0.205099
0.005004	0.205263
0.005008	0.205099
0.005012	0.204605
0.005016	0.20477
0.00502	0.204605
0.005024	0.205099
0.005028	0.203783
0.005032	0.207401
0.005036	0.203125
0.00504	0.205921
0.005044	0.20477
0.005048	0.205263
0.005052	0.205592
0.005056	0.205263
0.00506	0.205428
0.005064	0.205756
0.005068	0.205099
0.005072	0.203454
0.005076	0.206579
0.00508	0.203125
0.005084	0.205756
0.005088	0.204112
0.005092	0.204934
0.005096	0.204441
0.0051	0.204441
0.005104	0.204441
0.005108	0.20477
0.005112	0.205099
0.005116	0.206414
0.00512	0.205592
0.005124	0.205099
0.005128	0.205921
0.005132	0.205099
0.005136	0.205756
0.00514	0.205263
0.005144	0.205428
0.005148	0.205099
0.005152	0.205099
0.005156	0.20477
0.00516	0.20625
0.005164	0.204605
0.005168	0.204441
0.005172	0.205428
0.005176	0.205263
0.00518	0.205263
0.005184	0.205263
0.005188	0.205263
0.005192	0.205263
0.005196	0.205263
0.0052	0.203947
0.005204	0.206908
0.005208	0.202961
0.005212	0.205592
0.005216	0.204441
0.00522	0.205099
0.005224	0.205263
0.005228	0.205428
0.005232	0.205592
0.005236	0.205428
0.00524	0.206085
0.005244	0.20477
0.005248	0.204934
0.005252	0.20625
0.005256	0.205428
0.00526	0.205756
0.005264	0.205756
0.005268	0.205428
0.005272	0.205428
0.005276	0.206085
0.00528	0.20477
0.005284	0.205263
0.005288	0.205921
0.005292	0.205756
0.005296	0.205756
0.0053	0.205099
0.005304	0.203947
0.005308	0.207072
0.005312	0.204276
0.005316	0.205099
0.00532	0.204441
0.005324	0.204605
0.005328	0.204605
0.005332	0.203783
0.005336	0.207237
0.00534	0.203947
0.005344	0.205263
0.005348	0.204441
0.005352	0.20477
0.005356	0.20477
0.00536	0.203618
0.005364	0.207401
0.005368	0.204276
0.005372	0.206579
0.005376	0.205428
0.00538	0.205756
0.005384	0.205263
0.005388	0.203618
0.005392	0.207237
0.005396	0.203947
0.0054	0.205592
0.005404	0.204934
0.005408	0.205099
0.005412	0.204605
0.005416	0.203289
0.00542	0.206414
0.005424	0.204112
0.005428	0.204441
0.005432	0.205099
0.005436	0.20477
0.00544	0.205099
0.005444	0.203289
0.005448	0.206743
0.005452	0.204276
0.005456	0.204605
0.00546	0.20477
0.005464	0.20477
0.005468	0.20477
0.005472	0.20477
0.005476	0.20625
0.00548	0.20477
0.005484	0.205428
0.005488	0.206085
0.005492	0.205756
0.005496	0.205592
0.0055	0.205099
0.005504	0.206414
0.005508	0.205263
0.005512	0.204441
0.005516	0.205263
0.00552	0.204605
0.005524	0.204934
0.005528	0.204605
0.005532	0.203783
0.005536	0.206743
0.00554	0.203947
0.005544	0.206579
0.005548	0.205263
0.005552	0.205756
0.005556	0.205263
0.00556	0.203454
0.005564	0.207072
0.005568	0.204276
0.005572	0.205099
0.005576	0.20477
0.00558	0.204605
0.005584	0.204605
0.005588	0.202961
0.005592	0.206579
0.005596	0.204441
0.0056	0.204605
0.005604	0.205099
0.005608	0.205099
0.005612	0.205099
0.005616	0.203125
0.00562	0.206743
0.005624	0.204441
0.005628	0.204605
0.005632	0.20477
0.005636	0.20477
0.00564	0.204605
0.005644	0.203783
0.005648	0.206908
0.005652	0.204112
0.005656	0.205921
0.00566	0.205099
0.005664	0.205099
0.005668	0.20477
0.005672	0.203454
0.005676	0.206743
0.00568	0.204112
0.005684	0.20625
0.005688	0.205428
0.005692	0.205756
0.005696	0.205263
0.0057	0.203783
0.005704	0.207072
0.005708	0.204112
0.005712	0.204934
0.005716	0.20477
0.00572	0.20477
0.005724	0.204934
0.005728	0.203783
0.005732	0.207072
0.005736	0.204112
0.00574	0.205921
0.005744	0.205428
0.005748	0.205428
0.005752	0.205099
0.005756	0.204112
0.00576	0.206414
0.005764	0.204276
0.005768	0.206085
0.005772	0.205592
0.005776	0.205592
0.00578	0.205099
0.005784	0.203947
0.005788	0.20625
0.005792	0.204112
0.005796	0.20477
0.0058	0.204605
0.005804	0.204934
0.005808	0.204605
0.005812	0.203783
0.005816	0.206414
0.00582	0.204276
0.005824	0.204605
0.005828	0.204605
0.005832	0.205099
0.005836	0.20477
0.00584	0.203454
0.005844	0.20625
0.005848	0.204276
0.005852	0.205099
0.005856	0.205756
0.00586	0.205428
0.005864	0.205756
0.005868	0.205263
0.005872	0.206414
0.005876	0.204605
0.00588	0.205428
0.005884	0.205921
0.005888	0.205428
0.005892	0.205263
0.005896	0.205263
0.0059	0.206414
0.005904	0.204605
0.005908	0.205263
0.005912	0.205428
0.005916	0.205428
0.00592	0.205263
0.005924	0.205099
0.005928	0.20625
0.005932	0.20477
0.005936	0.205428
0.00594	0.205592
0.005944	0.205592
0.005948	0.205263
0.005952	0.204441
0.005956	0.20625
0.00596	0.205099
0.005964	0.205263
0.005968	0.205428
0.005972	0.205592
0.005976	0.205756
0.00598	0.205428
0.005984	0.206414
0.005988	0.205099
0.005992	0.205756
0.005996	0.205921
0.006	0.205756
0.006004	0.205756
0.006008	0.205428
0.006012	0.205921
0.006016	0.204934
0.00602	0.204112
0.006024	0.20477
0.006028	0.204605
0.006032	0.20477
0.006036	0.205099
0.00604	0.203618
0.006044	0.205756
0.006048	0.205263
0.006052	0.204441
0.006056	0.20477
0.00606	0.204934
0.006064	0.205099
0.006068	0.205099
0.006072	0.205099
0.006076	0.206414
0.00608	0.204934
0.006084	0.205921
0.006088	0.205756
0.006092	0.205756
0.006096	0.205592
0.0061	0.205428
0.006104	0.205263
0.006108	0.204605
0.006112	0.205428
0.006116	0.205263
0.00612	0.205263
0.006124	0.205099
0.006128	0.205099
0.006132	0.20477
0.006136	0.204934
0.00614	0.204934
0.006144	0.206085
0.006148	0.205099
0.006152	0.204112
0.006156	0.204441
0.00616	0.204605
0.006164	0.20477
0.006168	0.204605
0.006172	0.205099
0.006176	0.205099
0.00618	0.205921
0.006184	0.205263
0.006188	0.205592
0.006192	0.206085
0.006196	0.205756
0.0062	0.205756
0.006204	0.205756
0.006208	0.205592
0.006212	0.205428
0.006216	0.207237
0.00622	0.205099
0.006224	0.204934
0.006228	0.204605
0.006232	0.204934
0.006236	0.20477
0.00624	0.20477
0.006244	0.20477
0.006248	0.20477
0.006252	0.204605
0.006256	0.205263
0.00626	0.205428
0.006264	0.205756
0.006268	0.205099
0.006272	0.205099
0.006276	0.205099
0.00628	0.204934
0.006284	0.205263
0.006288	0.205263
0.006292	0.20625
0.006296	0.205263
0.0063	0.205263
0.006304	0.205756
0.006308	0.205756
0.006312	0.205756
0.006316	0.206085
0.00632	0.205756
0.006324	0.206743
0.006328	0.204934
0.006332	0.205756
0.006336	0.205756
0.00634	0.205756
0.006344	0.205756
0.006348	0.205428
0.006352	0.20477
0.006356	0.205263
0.00636	0.205263
0.006364	0.205428
0.006368	0.205428
0.006372	0.205263
0.006376	0.205099
0.00638	0.20477
0.006384	0.204934
0.006388	0.206579
0.006392	0.205263
0.006396	0.205921
0.0064	0.206085
0.006404	0.205756
0.006408	0.205428
0.006412	0.205099
0.006416	0.205099
0.00642	0.205099
0.006424	0.20477
0.006428	0.205263
0.006432	0.205099
0.006436	0.206085
0.00644	0.205428
0.006444	0.205756
0.006448	0.205099
0.006452	0.205428
0.006456	0.205263
0.00646	0.205428
0.006464	0.206908
0.006468	0.20477
0.006472	0.205756
0.006476	0.205592
0.00648	0.205592
0.006484	0.205428
0.006488	0.205428
0.006492	0.205099
0.006496	0.205099
0.0065	0.203947
0.006504	0.205592
0.006508	0.205263
0.006512	0.204934
0.006516	0.205099
0.00652	0.20477
0.006524	0.20477
0.006528	0.20477
0.006532	0.204605
0.006536	0.204934
0.00654	0.207072
0.006544	0.205263
0.006548	0.205921
0.006552	0.205428
0.006556	0.205099
0.00656	0.20477
0.006564	0.205099
0.006568	0.205263
0.006572	0.205099
0.006576	0.204934
0.00658	0.205099
0.006584	0.205099
0.006588	0.205428
0.006592	0.205592
0.006596	0.206085
0.0066	0.205756
0.006604	0.205756
0.006608	0.205099
0.006612	0.203783
0.006616	0.205921
0.00662	0.205099
0.006624	0.204605
0.006628	0.204934
0.006632	0.205099
0.006636	0.205099
0.00664	0.205263
0.006644	0.205263
0.006648	0.205099
0.006652	0.206579
0.006656	0.205263
0.00666	0.205921
0.006664	0.206085
0.006668	0.205756
0.006672	0.205428
0.006676	0.205592
0.00668	0.205263
0.006684	0.205428
0.006688	0.20477
0.006692	0.206085
0.006696	0.203947
0.0067	0.205099
0.006704	0.205263
0.006708	0.205592
0.006712	0.205592
0.006716	0.205756
0.00672	0.205428
0.006724	0.205921
0.006728	0.20625
0.006732	0.204934
0.006736	0.205756
0.00674	0.205921
0.006744	0.206085
0.006748	0.205756
0.006752	0.205099
0.006756	0.205099
0.00676	0.205099
0.006764	0.204441
0.006768	0.206414
0.006772	0.203783
0.006776	0.205756
0.00678	0.205099
0.006784	0.205592
0.006788	0.205099
0.006792	0.205592
0.006796	0.205756
0.0068	0.204112
0.006804	0.206908
0.006808	0.204441
0.006812	0.205428
0.006816	0.204934
0.00682	0.205099
0.006824	0.205099
0.006828	0.20477
0.006832	0.204934
0.006836	0.204934
0.00684	0.20625
0.006844	0.206085
0.006848	0.204276
0.006852	0.205099
0.006856	0.204605
0.00686	0.20477
0.006864	0.204934
0.006868	0.205099
0.006872	0.204934
0.006876	0.203783
0.00688	0.206579
0.006884	0.20477
0.006888	0.20477
0.006892	0.205263
0.006896	0.205263
0.0069	0.205263
0.006904	0.205756
0.006908	0.205263
0.006912	0.205428
0.006916	0.204276
0.00692	0.206579
0.006924	0.203454
0.006928	0.205263
0.006932	0.20477
0.006936	0.205263
0.00694	0.205263
0.006944	0.205428
0.006948	0.205428
0.006952	0.203618
0.006956	0.207072
0.00696	0.204276
0.006964	0.205099
0.006968	0.204605
0.006972	0.204934
0.006976	0.204934
0.00698	0.204934
0.006984	0.205099
0.006988	0.20477
0.006992	0.204112
0.006996	0.206743
0.007	0.203454
0.007004	0.205592
0.007008	0.20477
0.007012	0.205263
0.007016	0.205263
0.00702	0.205428
0.007024	0.205263
0.007028	0.205428
0.007032	0.206579
0.007036	0.205099
0.00704	0.20477
0.007044	0.205921
0.007048	0.205099
0.007052	0.205756
0.007056	0.205756
0.00706	0.205592
0.007064	0.205592
0.007068	0.204112
0.007072	0.00577036
0.007076	0.00182326
0.00708	0.00412573
0.007084	0.00346788
0.007088	0.00346788
0.007092	0.00330342
0.007096	0.00313896
0.0071	0.00264557
0.007104	0.00330342
0.007108	0.00396127
0.007112	0.00281004
0.007116	0.00281004
0.00712	0.00379681
0.007124	0.00346788
0.007128	0.00346788
0.007132	0.00313896
0.007136	0.00346788
0.00714	0.00313896
0.007144	0.0042902
0.007148	0.00264557
0.007152	0.0029745
0.007156	0.00363235
0.00716	0.00313896
0.007164	0.00346788
0.007168	0.00313896
0.007172	0.00330342
0.007176	0.00132988
0.00718	0.00445466
0.007184	0.00215219
0.007188	0.00215219
0.007192	0.00231665
0.007196	0.00281004
0.0072	0.00281004
0.007204	0.00281004
0.007208	0.00313896
0.007212	0.0029745
0.007216	0.00149434
0.00722	0.00445466
0.007224	0.00182326
0.007228	0.00396127
0.007232	0.00330342
0.007236	0.00396127
0.00724	0.00313896
0.007244	0.00313896
0.007248	0.00313896
0.007252	0.0029745
0.007256	0.00182326
0.00726	0.00445466
0.007264	0.00116541
0.007268	0.00330342
0.007272	0.00281004
0.007276	0.00346788
0.00728	0.00281004
0.007284	0.00330342
0.007288	0.0029745
0.007292	0.00313896
0.007296	0.0042902
0.0073	0.0029745
0.007304	0.0029745
0.007308	0.00363235
0.007312	0.0029745
0.007316	0.00330342
0.00732	0.00281004
0.007324	0.00313896
0.007328	0.00149434
0.007332	0.00478358
0.007336	0.00198772
0.00734	0.00231665
0.007344	0.00231665
0.007348	0.00248111
0.007352	0.00231665
0.007356	0.00264557
0.00736	0.00116541
0.007364	0.00478358
0.007368	0.00215219
0.007372	0.00248111
0.007376	0.00313896
0.00738	0.00264557
0.007384	0.0029745
0.007388	0.00281004
0.007392	0.0029745
0.007396	0.00182326
0.0074	0.00511251
0.007404	0.00182326
0.007408	0.00412573
0.007412	0.00313896
0.007416	0.00330342
0.00742	0.0029745
0.007424	0.00330342
0.007428	0.00313896
0.007432	0.0029745
0.007436	0.00412573
0.00744	0.00330342
0.007444	0.00198772
0.007448	0.00346788
0.007452	0.00231665
0.007456	0.00330342
0.00746	0.00264557
0.007464	0.00281004
0.007468	0.00248111
0.007472	0.00116541
0.007476	0.00461912
0.00748	0.00231665
0.007484	0.00231665
0.007488	0.00231665
0.007492	0.00248111
0.007496	0.00281004
0.0075	0.00281004
0.007504	0.0029745
0.007508	0.00281004
0.007512	0.0016588
0.007516	0.00494804
0.00752	0.00198772
0.007524	0.00281004
0.007528	0.00231665
0.007532	0.00231665
0.007536	0.00264557
0.00754	0.00248111
0.007544	0.0029745
0.007548	0.00281004
0.007552	0.00182326
0.007556	0.00511251
0.00756	0.00182326
0.007564	0.00412573
0.007568	0.00281004
0.007572	0.00330342
0.007576	0.00313896
0.00758	0.0029745
0.007584	0.00264557
0.007588	0.00248111
0.007592	0.00132988
0.007596	0.00478358
0.0076	0.00215219
0.007604	0.00248111
0.007608	0.00231665
0.007612	0.00215219
0.007616	0.00248111
0.00762	0.00248111
0.007624	0.00313896
0.007628	0.0029745
0.007632	0.00313896
0.007636	0.00412573
0.00764	0.00281004
0.007644	0.00231665
0.007648	0.00330342
0.007652	0.00313896
0.007656	0.00363235
0.00766	0.00330342
0.007664	0.00346788
0.007668	0.00313896
0.007672	0.00313896
0.007676	0.00412573
0.00768	0.00346788
0.007684	0.00281004
0.007688	0.00412573
0.007692	0.00313896
0.007696	0.00363235
0.0077	0.00281004
0.007704	0.00313896
0.007708	0.00313896
0.007712	0.0029745
0.007716	0.00198772
0.00772	0.00396127
0.007724	0.00182326
0.007728	0.00346788
0.007732	0.00215219
0.007736	0.00281004
0.00774	0.00248111
0.007744	0.0029745
0.007748	0.00264557
0.007752	0.00264557
0.007756	0.00182326
0.00776	0.00461912
0.007764	0.000836489
0.007768	0.00346788
0.007772	0.00248111
0.007776	0.00330342
0.00778	0.0029745
0.007784	0.00330342
0.007788	0.0029745
0.007792	0.00330342
0.007796	0.00198772
0.0078	0.00494804
0.007804	0.00231665
0.007808	0.00412573
0.007812	0.00313896
0.007816	0.00346788
0.00782	0.00330342
0.007824	0.00346788
0.007828	0.00346788
0.007832	0.00330342
0.007836	0.00264557
0.00784	0.00412573
0.007844	0.00215219
0.007848	0.0029745
0.007852	0.0029745
0.007856	0.00313896
0.00786	0.00281004
0.007864	0.00264557
0.007868	0.00281004
0.007872	0.00215219
0.007876	0.00281004
0.00788	0.00396127
0.007884	0.00330342
0.007888	0.00198772
0.007892	0.0029745
0.007896	0.00231665
0.0079	0.00281004
0.007904	0.0029745
0.007908	0.00313896
0.007912	0.00330342
0.007916	0.00363235
0.00792	0.00412573
0.007924	0.00346788
0.007928	0.00215219
0.007932	0.00379681
0.007936	0.00313896
0.00794	0.00379681
0.007944	0.00363235
0.007948	0.00346788
0.007952	0.00313896
0.007956	0.00313896
0.00796	0.00149434
0.007964	0.00461912
0.007968	0.00231665
0.007972	0.00396127
0.007976	0.00264557
0.00798	0.00313896
0.007984	0.00248111
0.007988	0.00281004
0.007992	0.00248111
0.007996	0.00281004
0.008	-0.202768
0.008004	-0.199643
0.008008	-0.203919
0.008012	-0.201781
0.008016	-0.202768
0.00802	-0.20211
0.008024	-0.201945
0.008028	-0.201452
0.008032	-0.201945
0.008036	0.00100095
0.00804	0.00132988
0.008044	0.00478358
0.008048	0.00149434
0.008052	0.00330342
0.008056	0.00330342
0.00806	0.00313896
0.008064	0.00346788
0.008068	0.00313896
0.008072	-0.0761318
0.008076	-0.201123
0.00808	-0.201452
0.008084	-0.200794
0.008088	-0.20211
0.008092	-0.201288
0.008096	-0.201123
0.0081	-0.201617
0.008104	-0.201452
0.008108	-0.201617
0.008112	0.00313896
0.008116	0.00313896
0.00812	0.0029745
0.008124	0.00379681
0.008128	0.00330342
0.008132	0.00182326
0.008136	0.0029745
0.00814	0.00215219
0.008144	0.00281004
0.008148	-0.193393
0.008152	-0.201781
0.008156	-0.201945
0.00816	-0.20211
0.008164	-0.201452
0.008168	-0.20063
0.008172	-0.203261
0.008176	-0.200959
0.00818	-0.20211
0.008184	-0.201123
0.008188	0.0029745
0.008192	0.00346788
0.008196	0.00346788
0.0082	0.00363235
0.008204	0.00198772
0.008208	0.00461912
0.008212	0.00215219
0.008216	0.0042902
0.00822	0.00281004
0.008224	0.00379681
0.008228	0.0029745
0.008232	0.00313896
0.008236	0.0029745
0.00824	0.00264557
0.008244	0.00132988
0.008248	0.00461912
0.008252	0.000836489
0.008256	0.0029745
0.00826	0.00231665
0.008264	0.00281004
0.008268	0.00215219
0.008272	0.00281004
0.008276	0.00281004
0.00828	0.00281004
0.008284	0.00313896
0.008288	0.00461912
0.008292	0.00231665
0.008296	0.00346788
0.0083	0.00313896
0.008304	0.00330342
0.008308	0.00346788
0.008312	0.00330342
0.008316	0.00363235
0.00832	0.00330342
0.008324	0.00281004
0.008328	0.00346788
0.008332	0.00281004
0.008336	0.00215219
0.00834	0.00281004
0.008344	0.00231665
0.008348	0.0029745
0.008352	0.0631677
0.008356	0.205263
0.00836	0.205099
0.008364	0.205263
0.008368	0.206414
0.008372	0.206414
0.008376	0.204605
0.00838	0.206414
0.008384	0.205428
0.008388	0.205756
0.008392	0.205428
0.008396	0.206085
0.0084	0.205756
0.008404	0.205756
0.008408	0.204276
0.008412	0.206743
0.008416	0.204276
0.00842	0.205921
0.008424	0.205099
0.008428	0.205756
0.008432	0.205263
0.008436	0.205099
0.00844	0.204934
0.008444	0.204934
0.008448	0.203947
0.008452	0.207401
0.008456	0.203618
0.00846	0.205921
0.008464	0.204934
0.008468	0.205099
0.008472	0.205099
0.008476	0.205592
0.00848	0.205756
0.008484	0.205592
0.008488	0.204276
0.008492	0.207072
0.008496	0.203783
0.0085	0.205921
0.008504	0.205263
0.008508	0.205921
0.008512	0.205756
0.008516	0.205921
0.00852	0.205921
0.008524	0.205592
0.008528	0.203783
0.008532	0.207072
0.008536	0.204112
0.00854	0.206414
0.008544	0.205428
0.008548	0.205921
0.008552	0.205592
0.008556	0.205592
0.00856	0.205592
0.008564	0.205756
0.008568	0.204112
0.008572	0.207401
0.008576	0.204276
0.00858	0.206414
0.008584	0.205756
0.008588	0.205921
0.008592	0.205756
0.008596	0.205921
0.0086	0.205756
0.008604	0.205428
0.008608	0.204276
0.008612	0.207401
0.008616	0.204605
0.00862	0.206085
0.008624	0.205592
0.008628	0.205428
0.008632	0.205263
0.008636	0.205099
0.00864	0.20477
0.008644	0.204934
0.008648	0.206414
0.008652	0.205099
0.008656	0.205756
0.00866	0.206414
0.008664	0.205428
0.008668	0.205756
0.008672	0.205099
0.008676	0.204112
0.00868	0.206743
0.008684	0.204112
0.008688	0.206414
0.008692	0.205263
0.008696	0.205756
0.0087	0.205592
0.008704	0.205428
0.008708	0.203783
0.008712	0.207566
0.008716	0.204934
0.00872	0.20477
0.008724	0.204441
0.008728	0.204441
0.008732	0.204605
0.008736	0.205099
0.00874	0.205263
0.008744	0.205263
0.008748	0.204112
0.008752	0.207072
0.008756	0.203947
0.00876	0.205099
0.008764	0.204934
0.008768	0.204934
0.008772	0.205263
0.008776	0.205263
0.00878	0.204934
0.008784	0.204605
0.008788	0.203783
0.008792	0.207237
0.008796	0.204605
0.0088	0.205921
0.008804	0.204934
0.008808	0.205263
0.008812	0.205263
0.008816	0.204934
0.00882	0.204934
0.008824	0.205263
0.008828	0.204112
0.008832	0.207072
0.008836	0.204441
0.00884	0.206085
0.008844	0.205592
0.008848	0.205592
0.008852	0.205263
0.008856	0.205592
0.00886	0.205428
0.008864	0.205263
0.008868	0.203783
0.008872	0.207072
0.008876	0.204112
0.00888	0.206414
0.008884	0.205756
0.008888	0.206085
0.008892	0.205756
0.008896	0.205756
0.0089	0.205263
0.008904	0.205592
0.008908	0.203783
0.008912	0.207237
0.008916	0.203783
0.00892	0.206085
0.008924	0.205099
0.008928	0.205592
0.008932	0.205263
0.008936	0.205756
0.00894	0.205756
0.008944	0.205921
0.008948	0.204112
0.008952	0.206908
0.008956	0.203289
0.00896	0.205428
0.008964	0.20477
0.008968	0.205592
0.008972	0.205263
0.008976	0.205756
0.00898	0.205263
0.008984	0.205428
0.008988	0.203783
0.008992	0.207072
0.008996	0.202961
0.009	0.205428
0.009004	0.204441
0.009008	0.205099
0.009012	0.204605
0.009016	0.205263
0.00902	0.205099
0.009024	0.205428
0.009028	0.203947
0.009032	0.206908
0.009036	0.203947
0.00904	0.205756
0.009044	0.204276
0.009048	0.205099
0.009052	0.20477
0.009056	0.205263
0.00906	0.204934
0.009064	0.205099
0.009068	0.204112
0.009072	0.206414
0.009076	0.204276
0.00908	0.20625
0.009084	0.20477
0.009088	0.205263
0.009092	0.204605
0.009096	0.205099
0.0091	0.204605
0.009104	0.204934
0.009108	0.204112
0.009112	0.206743
0.009116	0.204934
0.00912	0.206579
0.009124	0.204934
0.009128	0.205428
0.009132	0.204934
0.009136	0.205263
0.00914	0.205263
0.009144	0.205428
0.009148	0.204276
0.009152	0.206414
0.009156	0.204276
0.00916	0.206414
0.009164	0.205428
0.009168	0.20625
0.009172	0.205592
0.009176	0.205756
0.00918	0.205263
0.009184	0.205099
0.009188	0.203947
0.009192	0.206743
0.009196	0.204605
0.0092	0.206743
0.009204	0.205756
0.009208	0.205921
0.009212	0.205099
0.009216	0.205428
0.00922	0.205263
0.009224	0.205592
0.009228	0.204112
0.009232	0.206743
0.009236	0.204441
0.00924	0.20625
0.009244	0.205263
0.009248	0.206085
0.009252	0.205428
0.009256	0.205921
0.00926	0.205428
0.009264	0.205428
0.009268	0.204112
0.009272	0.206085
0.009276	0.204605
0.00928	0.206743
0.009284	0.205756
0.009288	0.206085
0.009292	0.205428
0.009296	0.205592
0.0093	0.205099
0.009304	0.205592
0.009308	0.204112
0.009312	0.206579
0.009316	0.204934
0.00932	0.206743
0.009324	0.205099
0.009328	0.205756
0.009332	0.205592
0.009336	0.205921
0.00934	0.205756
0.009344	0.205592
0.009348	0.204112
0.009352	0.20625
0.009356	0.204605
0.00936	0.206579
0.009364	0.205592
0.009368	0.206414
0.009372	0.205756
0.009376	0.205756
0.00938	0.205263
0.009384	0.205099
0.009388	0.204441
0.009392	0.206414
0.009396	0.20477
0.0094	0.206908
0.009404	0.205592
0.009408	0.206085
0.009412	0.205263
0.009416	0.205756
0.00942	0.205428
0.009424	0.205592
0.009428	0.204934
0.009432	0.206579
0.009436	0.20477
0.00944	0.206414
0.009444	0.205099
0.009448	0.206085
0.009452	0.205592
0.009456	0.205756
0.00946	0.205592
0.009464	0.205263
0.009468	0.205099
0.009472	0.206085
0.009476	0.20477
0.00948	0.206579
0.009484	0.205592
0.009488	0.20625
0.009492	0.205099
0.009496	0.205756
0.0095	0.205263
0.009504	0.205428
0.009508	0.206579
0.009512	0.205756
0.009516	0.20477
0.00952	0.206085
0.009524	0.205263
0.009528	0.205756
0.009532	0.205263
0.009536	0.206085
0.00954	0.205592
0.009544	0.205921
0.009548	0.206414
0.009552	0.204605
0.009556	0.204112
0.00956	0.204934
0.009564	0.20477
0.009568	0.205263
0.009572	0.205263
0.009576	0.205428
0.00958	0.205263
0.009584	0.203618
0.009588	0.206579
0.009592	0.204441
0.009596	0.206579
0.0096	0.205428
0.009604	0.205428
0.009608	0.205428
0.009612	0.20477
0.009616	0.205099
0.00962	0.205099
0.009624	0.204441
0.009628	0.207401
0.009632	0.203289
0.009636	0.205592
0.00964	0.204605
0.009644	0.205428
0.009648	0.205263
0.009652	0.205428
0.009656	0.205756
0.00966	0.205756
0.009664	0.203947
0.009668	0.206414
0.009672	0.204112
0.009676	0.206085
0.00968	0.20477
0.009684	0.205428
0.009688	0.204934
0.009692	0.205099
0.009696	0.205099
0.0097	0.20477
0.009704	0.206414
0.009708	0.205756
0.009712	0.204441
0.009716	0.206414
0.00972	0.205099
0.009724	0.205756
0.009728	0.205428
0.009732	0.205263
0.009736	0.205756
0.00974	0.205428
0.009744	0.20625
0.009748	0.205099
0.009752	0.204441
0.009756	0.20477
0.00976	0.204441
0.009764	0.205099
0.009768	0.205099
0.009772	0.205099
0.009776	0.205099
0.00978	0.203618
0.009784	0.207072
0.009788	0.204276
0.009792	0.206414
0.009796	0.205921
0.0098	0.205592
0.009804	0.205756
0.009808	0.205428
0.009812	0.205263
0.009816	0.205099
0.00982	0.204112
0.009824	0.207072
0.009828	0.203289
0.009832	0.205263
0.009836	0.204441
0.00984	0.20477
0.009844	0.20477
0.009848	0.205099
0.009852	0.204934
0.009856	0.205428
0.00986	0.204112
0.009864	0.206414
0.009868	0.204441
0.009872	0.20625
0.009876	0.205099
0.00988	0.205592
0.009884	0.205099
0.009888	0.205592
0.009892	0.205099
0.009896	0.205099
0.0099	0.205756
0.009904	0.205592
0.009908	0.204112
0.009912	0.205099
0.009916	0.204934
0.00992	0.205592
0.009924	0.205099
0.009928	0.205592
0.009932	0.205263
0.009936	0.205428
0.00994	0.20625
0.009944	0.20477
0.009948	0.205756
0.009952	0.205263
0.009956	0.204934
0.00996	0.205099
0.009964	0.205263
0.009968	0.205263
0.009972	0.20477
0.009976	0.203783
0.00998	0.206743
0.009984	0.203125
0.009988	0.205592
0.009992	0.205099
0.009996	0.205592
0.01	0.205592
0.010004	0.205428
0.010008	0.205263
0.010012	0.205263
0.010016	0.204276
0.01002	0.206743
0.010024	0.204112
0.010028	0.206085
0.010032	0.204605
0.010036	0.205263
0.01004	0.204441
0.010044	0.20477
0.010048	0.20477
0.010052	0.205099
0.010056	0.204441
0.01006	0.20625
0.010064	0.204112
0.010068	0.20625
0.010072	0.20477
0.010076	0.205921
0.01008	0.205428
0.010084	0.205756
0.010088	0.205428
0.010092	0.205428
0.010096	0.206085
0.0101	0.205428
0.010104	0.203947
0.010108	0.205099
0.010112	0.204441
0.010116	0.205263
0.01012	0.20477
0.010124	0.20477
0.010128	0.204934
0.010132	0.205099
0.010136	0.206085
0.01014	0.20477
0.010144	0.206414
0.010148	0.205756
0.010152	0.205099
0.010156	0.205428
0.01016	0.205099
0.010164	0.205592
0.010168	0.205756
0.010172	0.203454
0.010176	0.206743
0.01018	0.202961
0.010184	0.205099
0.010188	0.204441
0.010192	0.205099
0.010196	0.205428
0.0102	0.205592
0.010204	0.205263
0.010208	0.205428
0.010212	0.203783
0.010216	0.206908
0.01022	0.203947
0.010224	0.206085
0.010228	0.204934
0.010232	0.205263
0.010236	0.204605
0.01024	0.204441
0.010244	0.20477
0.010248	0.204934
0.010252	0.204112
0.010256	0.206579
0.01026	0.204605
0.010264	0.206414
0.010268	0.204934
0.010272	0.205921
0.010276	0.205263
0.01028	0.205756
0.010284	0.205592
0.010288	0.205428
0.010292	0.20625
0.010296	0.205428
0.0103	0.203454
0.010304	0.205428
0.010308	0.204934
0.010312	0.205592
0.010316	0.205428
0.01032	0.205428
0.010324	0.205099
0.010328	0.205099
0.010332	0.206085
0.010336	0.205099
0.01034	0.205099
0.010344	0.205099
0.010348	0.20477
0.010352	0.204605
0.010356	0.20477
0.01036	0.204934
0.010364	0.205099
0.010368	0.203618
0.010372	0.207072
0.010376	0.204605
0.01038	0.206085
0.010384	0.205592
0.010388	0.205592
0.010392	0.205592
0.010396	0.205263
0.0104	0.205263
0.010404	0.205263
0.010408	0.204112
0.010412	0.206743
0.010416	0.202961
0.01042	0.205592
0.010424	0.20477
0.010428	0.205756
0.010432	0.205099
0.010436	0.205099
0.01044	0.205099
0.010444	0.205428
0.010448	0.204276
0.010452	0.206579
0.010456	0.204605
0.01046	0.206085
0.010464	0.204441
0.010468	0.205099
0.010472	0.204605
0.010476	0.205099
0.01048	0.20477
0.010484	0.205263
0.010488	0.206414
0.010492	0.205592
0.010496	0.204605
0.0105	0.206085
0.010504	0.205099
0.010508	0.20625
0.010512	0.205592
0.010516	0.205921
0.01052	0.205428
0.010524	0.203618
0.010528	0.206743
0.010532	0.204112
0.010536	0.206414
0.01054	0.205428
0.010544	0.205428
0.010548	0.205263
0.010552	0.204934
0.010556	0.205263
0.01056	0.205099
0.010564	0.203947
0.010568	0.207072
0.010572	0.203125
0.010576	0.205428
0.01058	0.203947
0.010584	0.205099
0.010588	0.205099
0.010592	0.20477
0.010596	0.205428
0.0106	0.205428
0.010604	0.206414
0.010608	0.205428
0.010612	0.20477
0.010616	0.20625
0.01062	0.205263
0.010624	0.205921
0.010628	0.205263
0.010632	0.205592
0.010636	0.205099
0.01064	0.203783
0.010644	0.207072
0.010648	0.204276
0.010652	0.206414
0.010656	0.205756
0.01066	0.205592
0.010664	0.205099
0.010668	0.205263
0.010672	0.203454
0.010676	0.206743
0.01068	0.204112
0.010684	0.206579
0.010688	0.205756
0.010692	0.205756
0.010696	0.205099
0.0107	0.205263
0.010704	0.203618
0.010708	0.207072
0.010712	0.204441
0.010716	0.20477
0.01072	0.20477
0.010724	0.204441
0.010728	0.205099
0.010732	0.205099
0.010736	0.205428
0.01074	0.205263
0.010744	0.203947
0.010748	0.207237
0.010752	0.203618
0.010756	0.20625
0.01076	0.205263
0.010764	0.205921
0.010768	0.205756
0.010772	0.205756
0.010776	0.205428
0.01078	0.205263
0.010784	0.206085
0.010788	0.205756
0.010792	0.204934
0.010796	0.206414
0.0108	0.204934
0.010804	0.205428
0.010808	0.205099
0.010812	0.204605
0.010816	0.204605
0.01082	0.203454
0.010824	0.207072
0.010828	0.20477
0.010832	0.204934
0.010836	0.20477
0.01084	0.204605
0.010844	0.204605
0.010848	0.204934
0.010852	0.20477
0.010856	0.205099
0.01086	0.203783
0.010864	0.206743
0.010868	0.202961
0.010872	0.204934
0.010876	0.204112
0.01088	0.20477
0.010884	0.20477
0.010888	0.205099
0.010892	0.205099
0.010896	0.205099
0.0109	0.205756
0.010904	0.205263
0.010908	0.204276
0.010912	0.205428
0.010916	0.205099
0.01092	0.205428
0.010924	0.205099
0.010928	0.205263
0.010932	0.205263
0.010936	0.203947
0.01094	0.207072
0.010944	0.203947
0.010948	0.20625
0.010952	0.205263
0.010956	0.205756
0.01096	0.205428
0.010964	0.205592
0.010968	0.205756
0.010972	0.205428
0.010976	0.203783
0.01098	0.20625
0.010984	0.204441
0.010988	0.20625
0.010992	0.205099
0.010996	0.205592
0.011	0.205099
0.011004	0.205263
0.011008	0.205099
0.011012	0.20477
0.011016	0.206085
0.01102	0.204934
0.011024	0.205099
0.011028	0.205099
0.011032	0.204605
0.011036	0.20477
0.01104	0.204605
0.011044	0.204934
0.011048	0.20477
0.011052	0.203947
0.011056	0.207237
0.01106	0.202961
0.011064	0.205263
0.011068	0.204276
0.011072	0.20477
0.011076	0.205099
0.01108	0.205099
0.011084	0.205263
0.011088	0.205099
0.011092	0.205592
0.011096	0.205756
0.0111	0.203618
0.011104	0.205756
0.011108	0.205263
0.011112	0.205756
0.011116	0.205263
0.01112	0.205428
0.011124	0.205099
0.011128	0.205099
0.011132	0.206414
0.011136	0.204605
0.01114	0.20625
0.011144	0.206085
0.011148	0.205756
0.011152	0.205263
0.011156	0.205099
0.01116	0.205099
0.011164	0.205428
0.011168	0.204276
0.011172	0.206743
0.011176	0.204112
0.01118	0.205756
0.011184	0.204441
0.011188	0.205099
0.011192	0.204934
0.011196	0.205428
0.0112	0.205099
0.011204	0.205099
0.011208	0.205921
0.011212	0.205263
0.011216	0.203618
0.01122	0.205263
0.011224	0.204441
0.011228	0.205099
0.011232	0.20477
0.011236	0.205099
0.01124	0.204441
0.011244	0.203125
0.011248	0.207072
0.011252	0.203783
0.011256	0.206414
0.01126	0.205428
0.011264	0.205263
0.011268	0.205263
0.011272	0.205263
0.011276	0.205428
0.01128	0.205756
0.011284	0.203947
0.011288	0.207072
0.011292	0.204112
0.011296	0.206085
0.0113	0.20477
0.011304	0.205428
0.011308	0.205263
0.011312	0.205428
0.011316	0.205263
0.01132	0.204934
0.011324	0.205592
0.011328	0.205099
0.011332	0.203947
0.011336	0.205099
0.01134	0.204441
0.011344	0.204605
0.011348	0.20477
0.011352	0.20477
0.011356	0.20477
0.01136	0.203783
0.011364	0.207237
0.011368	0.203783
0.011372	0.205921
0.011376	0.205263
0.01138	0.205263
0.011384	0.205263
0.011388	0.205428
0.011392	0.205592
0.011396	0.205756
0.0114	0.203947
0.011404	0.20625
0.011408	0.204441
0.011412	0.206085
0.011416	0.204934
0.01142	0.205756
0.011424	0.205428
0.011428	0.205263
0.011432	0.205099
0.011436	0.205428
0.01144	0.206085
0.011444	0.20477
0.011448	0.20477
0.011452	0.20477
0.011456	0.204605
0.01146	0.20477
0.011464	0.204605
0.011468	0.20477
0.011472	0.20477
0.011476	0.203947
0.01148	0.207237
0.011484	0.203125
0.011488	0.205921
0.011492	0.204605
0.011496	0.205263
0.0115	0.205263
0.011504	0.205428
0.011508	0.205921
0.011512	0.205428
0.011516	0.206414
0.01152	0.205428
0.011524	0.204441
0.011528	0.206085
0.011532	0.205263
0.011536	0.205921
0.01154	0.205592
0.011544	0.205921
0.011548	0.205263
0.011552	0.203454
0.011556	0.207237
0.01156	0.203947
0.011564	0.20625
0.011568	0.205756
0.011572	0.205756
0.011576	0.205592
0.01158	0.205099
0.011584	0.205099
0.011588	0.205263
0.011592	0.206579
0.011596	0.205756
0.0116	0.205099
0.011604	0.206414
0.011608	0.205099
0.011612	0.205428
0.011616	0.205099
0.01162	0.205428
0.011624	0.205263
0.011628	0.204441
0.011632	0.207072
0.011636	0.203618
0.01164	0.206085
0.011644	0.205263
0.011648	0.205756
0.011652	0.205263
0.011656	0.205428
0.01166	0.205099
0.011664	0.20477
0.011668	0.20625
0.011672	0.205263
0.011676	0.205099
0.01168	0.20625
0.011684	0.204934
0.011688	0.205592
0.011692	0.205099
0.011696	0.204934
0.0117	0.205099
0.011704	0.203947
0.011708	0.207401
0.011712	0.204112
0.011716	0.20625
0.01172	0.205263
0.011724	0.205099
0.011728	0.205099
0.011732	0.205099
0.011736	0.205099
0.01174	0.204934
0.011744	0.206414
0.011748	0.205592
0.011752	0.20477
0.011756	0.20625
0.01176	0.204934
0.011764	0.205592
0.011768	0.205428
0.011772	0.205099
0.011776	0.205099
0.01178	0.203783
0.011784	0.207072
0.011788	0.203947
0.011792	0.20625
0.011796	0.205592
0.0118	0.205756
0.011804	0.205428
0.011808	0.205592
0.011812	0.205263
0.011816	0.205263
0.01182	0.20625
0.011824	0.205263
0.011828	0.204934
0.011832	0.20625
0.011836	0.205428
0.01184	0.205756
0.011844	0.205263
0.011848	0.205756
0.011852	0.205263
0.011856	0.203947
0.01186	0.207237
0.011864	0.203289
0.011868	0.205921
0.011872	0.20477
0.011876	0.205592
0.01188	0.205592
0.011884	0.205428
0.011888	0.205428
0.011892	0.205263
0.011896	0.205921
0.0119	0.205099
0.011904	0.203783
0.011908	0.205099
0.011912	0.204605
0.011916	0.205099
0.01192	0.204934
0.011924	0.205099
0.011928	0.205099
0.011932	0.203618
0.011936	0.207237
0.01194	0.203125
0.011944	0.205263
0.011948	0.204112
0.011952	0.204605
0.011956	0.204441
0.01196	0.204934
0.011964	0.204934
0.011968	0.205099
0.011972	0.20625
0.011976	0.204934
0.01198	0.204605
0.011984	0.20477
0.011988	0.204441
0.011992	0.204934
0.011996	0.205099
0.012	0.205099
0.012004	0.204605
0.012008	0.203783
0.012012	0.20625
0.012016	0.204276
0.01202	0.206414
0.012024	0.204934
0.012028	0.205756
0.012032	0.204934
0.012036	0.205099
0.01204	0.20477
0.012044	0.20477
0.012048	0.206743
0.012052	0.204441
0.012056	0.206579
0.01206	0.205592
0.012064	0.205428
0.012068	0.205428
0.012072	0.205263
0.012076	0.205263
0.01208	0.205428
0.012084	0.204112
0.012088	0.206414
0.012092	0.203947
0.012096	0.20625
0.0121	0.205099
0.012104	0.205756
0.012108	0.205428
0.012112	0.205756
0.012116	0.205428
0.01212	0.204441
0.012124	0.206414
0.012128	0.203125
0.012132	0.205592
0.012136	0.205592
0.01214	0.205756
0.012144	0.205428
0.012148	0.205428
0.012152	0.205263
0.012156	0.205428
0.01216	0.206085
0.012164	0.205921
0.012168	0.203947
0.012172	0.205592
0.012176	0.20477
0.01218	0.205428
0.012184	0.204934
0.012188	0.205428
0.012192	0.205428
0.012196	0.203618
0.0122	0.206743
0.012204	0.202796
0.012208	0.205099
0.012212	0.204441
0.012216	0.205099
0.01222	0.205099
0.012224	0.205428
0.012228	0.205263
0.012232	0.205099
0.012236	0.205756
0.01224	0.205592
0.012244	0.203454
0.012248	0.205592
0.012252	0.204441
0.012256	0.205428
0.01226	0.204934
0.012264	0.204934
0.012268	0.205099
0.012272	0.203454
0.012276	0.206743
0.01228	0.202796
0.012284	0.205263
0.012288	0.204441
0.012292	0.20477
0.012296	0.20477
0.0123	0.204934
0.012304	0.159214
0.012308	0.00281004
0.012312	0.00363235
0.012316	0.00313896
0.01232	0.00132988
0.012324	0.00264557
0.012328	0.00198772
0.012332	0.00248111
0.012336	0.00281004
0.01234	0.00264557
0.012344	0.00264557
0.012348	0.00149434
0.012352	0.0042902
0.012356	0.000507564
0.01236	0.00281004
0.012364	0.00182326
0.012368	0.00281004
0.012372	0.00231665
0.012376	0.00248111
0.01238	0.00264557
0.012384	0.00248111
0.012388	0.00346788
0.012392	0.00264557
0.012396	0.00149434
0.0124	0.00264557
0.012404	0.00198772
0.012408	0.00248111
0.012412	0.00215219
0.012416	0.00264557
0.01242	0.00264557
0.012424	0.0016588
0.012428	0.00461912
0.012432	0.00017864
0.012436	0.00281004
0.01244	0.00149434
0.012444	0.00215219
0.012448	0.00231665
0.012452	0.00264557
0.012456	0.00281004
0.01246	0.00248111
0.012464	0.00330342
0.012468	0.00248111
0.012472	0.00132988
0.012476	0.00231665
0.01248	0.00198772
0.012484	0.00248111
0.012488	0.00248111
0.012492	0.00248111
0.012496	0.00231665
0.0125	0.00116541
0.012504	0.0042902
0.012508	0.000672026
0.012512	0.00281004
0.012516	0.00182326
0.01252	0.00248111
0.012524	0.00198772
0.012528	0.00264557
0.012532	0.00248111
0.012536	0.000836489
0.01254	0.00445466
0.012544	0.00182326
0.012548	0.00281004
0.012552	0.00248111
0.012556	0.00231665
0.01256	0.00248111
0.012564	0.00198772
0.012568	0.00248111
0.012572	0.00198772
0.012576	0.00396127
0.01258	0.00313896
0.012584	0.00231665
0.012588	0.00363235
0.012592	0.00281004
0.012596	0.0029745
0.0126	0.00281004
0.012604	0.00281004
0.012608	0.00248111
0.012612	0.00116541
0.012616	0.00478358
0.01262	0.00100095
0.012624	0.00379681
0.012628	0.00313896
0.012632	0.00313896
0.012636	0.0029745
0.01264	0.00313896
0.012644	0.00264557
0.012648	0.00149434
0.012652	0.00478358
0.012656	0.00182326
0.01266	0.00363235
0.012664	0.00281004
0.012668	0.00281004
0.012672	0.00231665
0.012676	0.00264557
0.01268	0.00264557
0.012684	0.00116541
0.012688	0.00461912
0.012692	0.0016588
0.012696	0.00231665
0.0127	0.00198772
0.012704	0.00198772
0.012708	0.00231665
0.012712	0.00215219
0.012716	0.00231665
0.01272	0.00215219
0.012724	0.00363235
0.012728	0.00281004
0.012732	0.00248111
0.012736	0.00379681
0.01274	0.00313896
0.012744	0.00330342
0.012748	0.00281004
0.012752	0.0029745
0.012756	0.00264557
0.01276	0.00132988
0.012764	0.00396127
0.012768	0.000672026
0.012772	0.00264557
0.012776	0.00182326
0.01278	0.00248111
0.012784	0.00215219
0.012788	0.00264557
0.012792	0.00264557
0.012796	0.000836489
0.0128	0.00461912
0.012804	0.00132988
0.012808	0.00363235
0.012812	0.00264557
0.012816	0.00330342
0.01282	0.0029745
0.012824	0.00281004
0.012828	0.00281004
0.012832	0.00248111
0.012836	0.00363235
0.01284	0.00248111
0.012844	0.00149434
0.012848	0.00264557
0.012852	0.00215219
0.012856	0.00264557
0.01286	0.00231665
0.012864	0.00215219
0.012868	0.00264557
0.012872	0.00215219
0.012876	0.00379681
0.01288	0.00231665
0.012884	0.00412573
0.012888	0.00248111
0.012892	0.0029745
0.012896	0.00231665
0.0129	0.00313896
0.012904	0.00264557
0.012908	0.00149434
0.012912	0.00445466
0.012916	0.000507564
0.01292	0.00281004
0.012924	0.00182326
0.012928	0.00264557
0.012932	0.00248111
0.012936	0.00281004
0.01294	0.00281004
0.012944	0.00264557
0.012948	0.00412573
0.012952	0.00198772
0.012956	0.00313896
0.01296	0.00313896
0.012964	0.00281004
0.012968	0.0029745
0.012972	0.00264557
0.012976	0.00264557
0.01298	0.00248111
0.012984	0.00346788
0.012988	0.00313896
0.012992	0.00116541
0.012996	0.00313896
0.013	0.00198772
0.013004	0.00264557
0.013008	0.00264557
0.013012	0.00264557
0.013016	0.0029745
0.01302	0.00149434
0.013024	0.00412573
0.013028	0.00231665
0.013032	0.00379681
0.013036	0.00231665
0.01304	0.00313896
0.013044	0.00264557
0.013048	0.0029745
0.013052	0.00264557
0.013056	0.00100095
0.01306	0.0042902
0.013064	0.000507564
0.013068	0.00281004
0.013072	0.00198772
0.013076	0.00264557
0.01308	0.0029745
0.013084	0.0029745
0.013088	0.00281004
0.013092	0.00248111
0.013096	0.00330342
0.0131	0.00248111
0.013104	0.00248111
0.013108	0.00313896
0.013112	0.00231665
0.013116	0.00248111
0.01312	0.00248111
0.013124	0.00215219
0.013128	0.00215219
0.013132	0.00215219
0.013136	0.00396127
0.01314	0.00149434
0.013144	0.00363235
0.013148	0.00231665
0.013152	0.0029745
0.013156	0.00264557
0.01316	0.00330342
0.013164	0.00281004
0.013168	0.00132988
0.013172	0.0042902
0.013176	0.00116541
0.01318	0.00313896
0.013184	0.0016588
0.013188	0.00248111
0.013192	0.00231665
0.013196	0.00248111
0.0132	0.00248111
0.013204	0.00198772
0.013208	0.00379681
0.013212	0.00198772
0.013216	0.00363235
0.01322	0.00330342
0.013224	0.00313896
0.013228	0.00313896
0.013232	0.0029745
0.013236	0.00264557
0.01324	0.00281004
0.013244	0.00330342
0.013248	0.00363235
0.013252	0.00116541
0.013256	0.00281004
0.01326	0.00215219
0.013264	0.00264557
0.013268	0.00264557
0.013272	0.00313896
0.013276	0.00281004
0.01328	0.00132988
0.013284	0.00445466
0.013288	0.00149434
0.013292	0.205428
0.013296	0.204112
0.0133	0.204934
0.013304	0.204605
0.013308	0.205099
0.013312	0.20477
0.013316	0.203618
0.01332	0.206414
0.013324	0.203947
0.013328	0.205756
0.013332	0.205263
0.013336	0.205756
0.01334	0.205592
0.013344	0.205099
0.013348	0.205263
0.013352	0.204934
0.013356	0.206085
0.01336	0.205428
0.013364	0.203618
0.013368	0.205263
0.013372	0.204112
0.013376	0.205099
0.01338	0.20477
0.013384	0.204934
0.013388	0.205099
0.013392	0.203783
0.013396	0.206579
0.0134	0.204112
0.013404	0.205921
0.013408	0.20477
0.013412	0.204934
0.013416	0.204605
0.01342	0.204934
0.013424	0.20477
0.013428	0.203454
0.013432	0.206743
0.013436	0.203783
0.01344	0.205921
0.013444	0.205263
0.013448	0.205592
0.013452	0.205428
0.013456	0.205428
0.01346	0.205428
0.013464	0.20477
0.013468	0.205921
0.013472	0.20477
0.013476	0.204112
0.01348	0.20477
0.013484	0.204441
0.013488	0.204934
0.013492	0.204441
0.013496	0.20477
0.0135	0.204934
0.013504	0.204112
0.013508	0.206414
0.013512	0.204605
0.013516	0.206085
0.01352	0.204605
0.013524	0.205099
0.013528	0.20477
0.013532	0.205099
0.013536	0.205099
0.01354	0.204112
0.013544	0.206579
0.013548	0.202796
0.013552	0.205099
0.013556	0.204112
0.01356	0.205099
0.013564	0.205099
0.013568	0.205592
0.013572	0.205263
0.013576	0.203618
0.01358	0.206743
0.013584	0.203783
0.013588	0.206414
0.013592	0.205428
0.013596	0.205756
0.0136	0.205428
0.013604	0.205099
0.013608	0.20477
0.013612	0.203454
0.013616	0.206579
0.01362	0.204441
0.013624	0.204441
0.013628	0.204605
0.013632	0.204112
0.013636	0.204441
0.01364	0.204441
0.013644	0.204934
0.013648	0.205099
0.013652	0.205921
0.013656	0.205099
0.01366	0.20477
0.013664	0.205756
0.013668	0.205263
0.013672	0.205428
0.013676	0.205592
0.01368	0.205756
0.013684	0.205099
0.013688	0.206085
0.013692	0.205592
0.013696	0.203783
0.0137	0.205592
0.013704	0.204441
0.013708	0.205099
0.013712	0.20477
0.013716	0.204605
0.01372	0.204605
0.013724	0.203618
0.013728	0.206579
0.013732	0.203125
0.013736	0.205428
0.01374	0.204934
0.013744	0.205099
0.013748	0.205099
0.013752	0.205099
0.013756	0.205099
0.01376	0.203947
0.013764	0.207072
0.013768	0.204112
0.013772	0.20625
0.013776	0.205263
0.01378	0.205428
0.013784	0.205099
0.013788	0.205263
0.013792	0.205099
0.013796	0.203618
0.0138	0.206908
0.013804	0.204276
0.013808	0.205263
0.013812	0.204605
0.013816	0.204605
0.01382	0.20477
0.013824	0.20477
0.013828	0.204934
0.013832	0.204605
0.013836	0.206085
0.01384	0.204605
0.013844	0.204112
0.013848	0.20477
0.013852	0.204276
0.013856	0.204934
0.01386	0.20477
0.013864	0.204605
0.013868	0.20477
0.013872	0.205756
0.013876	0.205099
0.01388	0.204112
0.013884	0.205099
0.013888	0.204605
0.013892	0.20477
0.013896	0.204441
0.0139	0.205099
0.013904	0.205099
0.013908	0.20625
0.013912	0.205592
0.013916	0.204441
0.01392	0.205756
0.013924	0.20477
0.013928	0.205756
0.013932	0.205263
0.013936	0.205756
0.01394	0.205756
0.013944	0.203618
0.013948	0.205921
0.013952	0.204441
0.013956	0.20625
0.01396	0.205099
0.013964	0.205756
0.013968	0.205428
0.013972	0.205099
0.013976	0.204605
0.01398	0.203783
0.013984	0.20625
0.013988	0.203454
0.013992	0.205592
0.013996	0.204276
0.014	0.205263
0.014004	0.204276
0.014008	0.204441
0.014012	0.204441
0.014016	0.203783
0.01402	0.207072
0.014024	0.203125
0.014028	0.205428
0.014032	0.204112
0.014036	0.204934
0.01404	0.20477
0.014044	0.204934
0.014048	0.205263
0.014052	0.203289
0.014056	0.206579
0.01406	0.203783
0.014064	0.205756
0.014068	0.205428
0.014072	0.205428
0.014076	0.205592
0.01408	0.205592
0.014084	0.205592
0.014088	0.205099
0.014092	0.20625
0.014096	0.204112
0.0141	0.205428
0.014104	0.205428
0.014108	0.205263
0.014112	0.205099
0.014116	0.20477
0.01412	0.204934
0.014124	0.204441
0.014128	0.205921
0.014132	0.205099
0.014136	0.204441
0.01414	0.205099
0.014144	0.204112
0.014148	0.204441
0.014152	0.204112
0.014156	0.20477
0.01416	0.204934
0.014164	0.206414
0.014168	0.205756
0.014172	0.203618
0.014176	0.205263
0.01418	0.204605
0.014184	0.205263
0.014188	0.204934
0.014192	0.205428
0.014196	0.205263
0.0142	0.20477
0.014204	0.205921
0.014208	0.204441
0.014212	0.206085
0.014216	0.205099
0.01422	0.206085
0.014224	0.205428
0.014228	0.205263
0.014232	0.20477
0.014236	0.203454
0.01424	0.206414
0.014244	0.204112
0.014248	0.205921
0.014252	0.20477
0.014256	0.205099
0.01426	0.204605
0.014264	0.204605
0.014268	0.20477
0.014272	0.203618
0.014276	0.206743
0.01428	0.202796
0.014284	0.205263
0.014288	0.204112
0.014292	0.20477
0.014296	0.20477
0.0143	0.204934
0.014304	0.205099
0.014308	0.203618
0.014312	0.206908
0.014316	0.203618
0.01432	0.205756
0.014324	0.204934
0.014328	0.205592
0.014332	0.205592
0.014336	0.205263
0.01434	0.205428
0.014344	0.204605
0.014348	0.206414
0.014352	0.204276
0.014356	0.205921
0.01436	0.205592
0.014364	0.205263
0.014368	0.205099
0.014372	0.205099
0.014376	0.204934
0.01438	0.20477
0.014384	0.205921
0.014388	0.204934
0.014392	0.204441
0.014396	0.20477
0.0144	0.204441
0.014404	0.204441
0.014408	0.204605
0.014412	0.204441
0.014416	0.204605
0.01442	0.206414
0.014424	0.205592
0.014428	0.203947
0.014432	0.205263
0.014436	0.204605
0.01444	0.205263
0.014444	0.204934
0.014448	0.205263
0.014452	0.205099
0.014456	0.205592
0.01446	0.205921
0.014464	0.204276
0.014468	0.20625
0.014472	0.204934
0.014476	0.205756
0.01448	0.205099
0.014484	0.205428
0.014488	0.205099
0.014492	0.203618
0.014496	0.206579
0.0145	0.203289
0.014504	0.205263
0.014508	0.204112
0.014512	0.20477
0.014516	0.204276
0.01452	0.20477
0.014524	0.204441
0.014528	0.203783
0.014532	0.206743
0.014536	0.202796
0.01454	0.205756
0.014544	0.204441
0.014548	0.205428
0.014552	0.204934
0.014556	0.205428
0.01456	0.205263
0.014564	0.203454
0.014568	0.206743
0.014572	0.203454
0.014576	0.205921
0.01458	0.205099
0.014584	0.205756
0.014588	0.205263
0.014592	0.205428
0.014596	0.205099
0.0146	0.203783
0.014604	0.206743
0.014608	0.203783
0.014612	0.205921
0.014616	0.204934
0.01462	0.205592
0.014624	0.205263
0.014628	0.205099
0.014632	0.205099
0.014636	0.203454
0.01464	0.206908
0.014644	0.203618
0.014648	0.20625
0.014652	0.205099
0.014656	0.205428
0.01466	0.205428
0.014664	0.204934
0.014668	0.205263
0.014672	0.203783
0.014676	0.206908
0.01468	0.203783
0.014684	0.205921
0.014688	0.205099
0.014692	0.205428
0.014696	0.205263
0.0147	0.205263
0.014704	0.205099
0.014708	0.203783
0.014712	0.206908
0.014716	0.203289
0.01472	0.205756
0.014724	0.204605
0.014728	0.205592
0.014732	0.205099
0.014736	0.205263
0.01474	0.205428
0.014744	0.203454
0.014748	0.206908
0.014752	0.202961
0.014756	0.205428
0.01476	0.20477
0.014764	0.205099
0.014768	0.205263
0.014772	0.205099
0.014776	0.205099
0.01478	0.203783
0.014784	0.206579
0.014788	0.203125
0.014792	0.205428
0.014796	0.204605
0.0148	0.205263
0.014804	0.204605
0.014808	0.205099
0.014812	0.205099
0.014816	0.203618
0.01482	0.206908
0.014824	0.202796
0.014828	0.205428
0.014832	0.203947
0.014836	0.20477
0.01484	0.204441
0.014844	0.205099
0.014848	0.205099
0.014852	0.203618
0.014856	0.206579
0.01486	0.202467
0.014864	0.204605
0.014868	0.203783
0.014872	0.204605
0.014876	0.20477
0.01488	0.205099
0.014884	0.20477
0.014888	0.203618
0.014892	0.206414
0.014896	0.202303
0.0149	0.205099
0.014904	0.204112
0.014908	0.204934
0.014912	0.204605
0.014916	0.204441
0.01492	0.20477
0.014924	0.203289
0.014928	0.206579
0.014932	0.202796
0.014936	0.205263
0.01494	0.204112
0.014944	0.204112
0.014948	0.204441
0.014952	0.204441
0.014956	0.204112
0.01496	0.203618
0.014964	0.206579
0.014968	0.203289
0.014972	0.205263
0.014976	0.203783
0.01498	0.204441
0.014984	0.204112
0.014988	0.204605
0.014992	0.20477
0.014996	0.203618
0.015	0.206579
0.015004	0.203289
0.015008	0.205263
0.015012	0.203783
0.015016	0.20477
0.01502	0.204605
0.015024	0.204605
0.015028	0.20477
0.015032	0.203454
0.015036	0.20625
0.01504	0.203783
0.015044	0.205756
0.015048	0.204441
0.015052	0.204934
0.015056	0.204441
0.01506	0.204605
0.015064	0.204276
0.015068	0.203454
0.015072	0.20625
0.015076	0.204112
0.01508	0.206085
0.015084	0.204276
0.015088	0.205099
0.015092	0.204441
0.015096	0.204441
0.0151	0.204441
0.015104	0.203454
0.015108	0.206414
0.015112	0.204112
0.015116	0.205921
0.01512	0.204605
0.015124	0.204934
0.015128	0.20477
0.015132	0.20477
0.015136	0.20477
0.01514	0.203783
0.015144	0.20625
0.015148	0.203783
0.015152	0.205921
0.015156	0.204441
0.01516	0.205428
0.015164	0.20477
0.015168	0.205099
0.015172	0.204441
0.015176	0.203618
0.01518	0.206414
0.015184	0.203947
0.015188	0.20625
0.015192	0.204934
0.015196	0.205263
0.0152	0.204605
0.015204	0.204605
0.015208	0.20477
0.015212	0.203618
0.015216	0.206414
0.01522	0.204276
0.015224	0.206085
0.015228	0.204605
0.015232	0.205263
0.015236	0.204605
0.01524	0.20477
0.015244	0.204934
0.015248	0.203783
0.015252	0.206414
0.015256	0.204441
0.01526	0.205921
0.015264	0.204112
0.015268	0.205099
0.015272	0.204441
0.015276	0.204934
0.01528	0.204934
0.015284	0.203454
0.015288	0.206414
0.015292	0.203783
0.015296	0.205756
0.0153	0.204605
0.015304	0.205099
0.015308	0.20477
0.015312	0.204934
0.015316	0.204441
0.01532	0.203783
0.015324	0.20625
0.015328	0.203783
0.015332	0.205428
0.015336	0.204276
0.01534	0.205099
0.015344	0.204441
0.015348	0.204441
0.015352	0.204441
0.015356	0.203454
0.01536	0.206414
0.015364	0.203618
0.015368	0.205428
0.015372	0.204276
0.015376	0.20477
0.01538	0.204441
0.015384	0.204605
0.015388	0.204605
0.015392	0.203618
0.015396	0.206414
0.0154	0.203618
0.015404	0.205428
0.015408	0.203947
0.015412	0.204605
0.015416	0.204441
0.01542	0.204605
0.015424	0.204441
0.015428	0.203783
0.015432	0.20625
0.015436	0.203454
0.01544	0.205592
0.015444	0.203783
0.015448	0.20477
0.015452	0.204441
0.015456	0.20477
0.01546	0.204605
0.015464	0.203454
0.015468	0.206414
0.015472	0.203783
0.015476	0.205428
0.01548	0.204112
0.015484	0.204441
0.015488	0.204605
0.015492	0.204441
0.015496	0.204276
0.0155	0.203618
0.015504	0.206414
0.015508	0.203289
0.015512	0.205099
0.015516	0.203783
0.01552	0.204441
0.015524	0.204441
0.015528	0.204605
0.015532	0.204605
0.015536	0.203783
0.01554	0.206579
0.015544	0.203125
0.015548	0.204934
0.015552	0.204112
0.015556	0.204441
0.01556	0.204441
0.015564	0.204441
0.015568	0.204605
0.015572	0.203947
0.015576	0.205756
0.01558	0.204441
0.015584	0.205263
0.015588	0.204605
0.015592	0.20477
0.015596	0.204605
0.0156	0.20477
0.015604	0.204605
0.015608	0.20625
0.015612	0.205099
0.015616	0.205099
0.01562	0.205756
0.015624	0.205263
0.015628	0.205099
0.015632	0.204934
0.015636	0.205099
0.01564	0.205099
0.015644	0.206085
0.015648	0.204934
0.015652	0.20477
0.015656	0.205263
0.01566	0.205263
0.015664	0.205428
0.015668	0.205263
0.015672	0.205263
0.015676	0.204934
0.01568	0.20625
0.015684	0.204605
0.015688	0.204441
0.015692	0.204441
0.015696	0.204605
0.0157	0.20477
0.015704	0.20477
0.015708	0.205263
0.015712	0.203289
0.015716	0.206085
0.01572	0.204112
0.015724	0.204276
0.015728	0.204112
0.015732	0.204441
0.015736	0.204605
0.01574	0.20477
0.015744	0.20477
0.015748	0.203454
0.015752	0.205921
0.015756	0.204441
0.01576	0.205099
0.015764	0.20477
0.015768	0.204441
0.015772	0.204441
0.015776	0.204441
0.01578	0.204441
0.015784	0.204112
0.015788	0.205756
0.015792	0.20477
0.015796	0.205756
0.0158	0.205592
0.015804	0.205099
0.015808	0.205263
0.015812	0.205099
0.015816	0.205099
0.01582	0.20477
0.015824	0.20477
0.015828	0.204112
0.015832	0.204605
0.015836	0.204605
0.01584	0.204934
0.015844	0.204934
0.015848	0.205099
0.015852	0.205263
0.015856	0.20477
0.01586	0.20477
0.015864	0.204934
0.015868	0.204605
0.015872	0.204934
0.015876	0.20477
0.01588	0.20477
0.015884	0.204605
0.015888	0.204605
0.015892	0.206579
0.015896	0.20477
0.0159	0.205263
0.015904	0.205592
0.015908	0.205592
0.015912	0.205592
0.015916	0.205099
0.01592	0.205263
0.015924	0.205099
0.015928	0.205921
0.015932	0.205099
0.015936	0.204441
0.01594	0.204441
0.015944	0.204276
0.015948	0.204441
0.015952	0.204605
0.015956	0.20477
0.01596	0.204934
0.015964	0.205592
0.015968	0.205099
0.015972	0.205756
0.015976	0.205263
0.01598	0.204934
0.015984	0.205099
0.015988	0.205099
0.015992	0.205099
0.015996	0.203618
